200
15
127 113 7 94 124 68 7 94 60 133 74 132 94 138 117 86 113 94 60 1 133 77 55 8 23 86 7 127 96 133 113 138 20 110 8 126 124 86 94 8 86 16 74 138 52 94 44 77 138 96 124 8 17 8 114 17 96 124 1 94 62 17 55 132 114 132 127 94 44 8 1 94 7 16 52 78 8 124 126 132 17 77 23 7 23 126 113 8 77 132 127 133 7 110 124 23 117 127 23 117 132 74 1 86 133 68 68 94 96 62 55 132 78 17 127 74 30 44 68 113 133 7 126 1 7 86 30 113 132 132 1 60 94 23 110 44 74 7 117 44 96 68 74 78 113 94 16 133 138 96 60 114 77 8 126 17 117 132 124 138 20 74 20 114 44 44 23 17 77 7 30 110 127 77 117 1 127 94 133 68 30 68 74 16 124 8 1 52 23 8 52 60 86 16 126 86 113 74 7 114 
11 11 11 11 11 11 11 11 11 11 11 11 11 11 11 
18 36 36 36 36 36 36 18 36 36 18 36 36 18 36 
30 60 60 60 30 60 60 60 30 60 60 60 60 30 60 
60 60 60 60 60 30 60 60 60 60 60 60 30 60 60 
60 60 60 60 60 60 60 30 60 60 60 60 60 60 30 
48 48 24 48 24 48 48 48 48 48 48 48 48 48 48 
44 44 22 44 44 44 22 44 44 44 22 44 44 22 44 
60 60 60 30 60 60 60 60 60 30 60 60 60 60 60 
32 32 32 32 32 16 16 32 32 32 32 32 32 16 32 
99999 28 99999 35 14 35 99999 14 21 99999 99999 99999 21 21 99999 
20 40 40 20 40 40 40 40 40 40 40 20 40 40 40 
28 28 28 28 28 28 28 28 28 28 28 28 28 28 28 
28 28 28 28 28 28 28 28 28 28 28 28 28 28 28 
28 28 28 28 28 28 28 14 28 28 28 14 14 28 28 
48 48 48 48 48 48 48 48 48 24 48 48 48 48 48 
52 52 52 52 52 52 26 52 52 52 52 52 52 52 52 
28 28 28 14 28 28 28 28 28 28 14 28 14 28 28 
56 56 56 28 56 56 56 28 56 56 56 56 28 56 28 
48 48 48 24 24 48 48 48 48 48 48 48 48 48 48 
44 44 44 44 44 44 44 44 44 44 44 22 22 44 44 
52 26 52 52 52 52 52 52 52 52 52 26 26 52 52 
36 99999 99999 99999 36 24 60 24 36 99999 48 99999 36 99999 36 
28 28 14 28 28 28 28 28 28 28 28 28 28 28 28 
28 28 28 28 14 14 28 28 14 28 28 28 28 28 28 
28 56 56 56 56 56 56 56 28 56 56 28 56 56 28 
52 52 52 52 52 26 52 52 26 26 52 52 26 52 52 
30 60 30 30 60 60 60 60 60 60 60 60 60 60 60 
28 28 56 56 56 56 56 56 56 56 56 56 56 56 28 
60 60 30 60 60 60 60 60 60 30 60 60 60 30 60 
28 14 28 28 14 28 28 28 28 28 28 14 28 28 28 
56 56 56 56 28 28 56 56 28 56 56 28 56 56 56 
30 60 60 60 60 60 30 60 60 60 30 30 60 60 60 
44 44 44 22 44 44 44 44 44 44 22 44 44 44 44 
32 32 32 16 32 32 32 16 32 32 32 32 32 16 32 
39 26 39 26 52 39 99999 99999 99999 39 99999 99999 39 99999 26 
22 44 44 44 44 44 44 44 44 44 44 44 44 44 44 
40 40 40 40 20 20 40 40 40 40 40 40 40 40 40 
48 48 48 24 48 24 48 48 24 48 48 48 48 48 48 
48 48 24 48 48 48 48 24 48 48 48 24 24 48 48 
28 28 28 14 28 28 28 14 28 28 28 28 28 28 28 
32 32 16 32 32 16 32 32 32 32 32 16 16 32 32 
64 64 64 64 64 64 64 64 64 64 64 64 64 64 64 
28 28 28 14 14 28 28 28 28 14 28 28 28 28 28 
28 28 28 28 28 28 28 28 28 14 28 14 28 28 28 
40 20 40 20 40 20 20 40 40 40 40 20 40 40 40 
28 28 28 28 28 28 28 28 14 28 28 28 14 28 28 
48 48 24 48 48 48 48 48 48 48 48 48 24 24 48 
28 28 28 28 28 28 28 28 28 28 28 28 28 28 28 
36 24 24 60 99999 36 24 24 99999 99999 36 99999 99999 36 36 
44 22 22 44 44 44 44 44 44 44 44 44 44 44 22 
22 44 22 44 22 44 44 44 44 44 44 22 44 44 44 
52 52 52 26 52 52 52 52 52 26 52 52 52 52 52 
44 44 44 44 44 44 44 44 22 44 22 44 44 44 44 
24 48 48 24 24 48 48 48 48 48 24 24 48 48 48 
32 32 16 32 32 32 32 32 16 32 32 32 32 32 32 
64 64 64 32 64 64 64 64 64 64 64 64 64 64 64 
18 36 36 36 36 36 18 36 36 18 36 36 36 18 36 
48 48 48 48 48 48 48 48 48 48 48 24 48 48 48 
32 32 32 32 32 32 32 32 32 16 32 16 32 32 32 
22 44 22 44 22 22 44 44 44 44 44 44 44 44 22 
60 60 60 30 60 60 60 60 60 60 60 30 60 60 30 
60 60 60 60 60 60 60 60 30 60 30 60 60 60 60 
48 48 48 48 48 48 24 48 48 48 48 48 24 48 48 
60 60 30 60 60 30 60 60 60 60 60 60 60 60 60 
20 20 20 10 20 10 20 20 20 10 20 10 10 20 20 
32 32 32 32 16 32 32 32 32 32 32 32 16 32 32 
64 64 64 64 64 64 64 32 64 64 64 64 64 64 64 
99999 99999 21 99999 21 14 28 99999 99999 99999 14 14 14 21 99999 
56 56 56 56 28 56 56 56 28 56 56 56 56 56 56 
20 20 10 20 10 20 20 10 10 10 20 20 20 20 20 
60 24 48 48 99999 24 99999 48 60 36 99999 99999 60 60 99999 
60 60 60 30 60 30 60 60 30 30 60 60 60 60 60 
24 24 48 48 48 48 48 24 48 24 48 48 48 48 48 
56 56 56 56 28 56 56 56 56 56 56 56 56 56 56 
28 28 28 28 14 28 28 14 28 28 28 28 28 28 28 
24 99999 24 36 99999 48 99999 99999 99999 24 48 60 24 48 99999 
28 56 56 56 56 56 56 56 28 56 56 56 56 28 56 
52 52 52 52 52 52 52 26 52 52 52 52 52 52 26 
44 44 44 44 44 22 44 22 44 44 22 44 44 22 44 
60 60 60 60 30 60 30 60 60 60 60 30 60 60 60 
30 60 60 30 60 60 60 60 60 30 60 60 30 60 60 
99999 36 99999 36 36 48 24 99999 99999 60 24 36 60 99999 36 
56 56 56 56 56 56 56 56 56 56 28 56 56 56 56 
14 28 28 28 14 28 14 28 28 28 28 28 28 28 14 
36 18 36 36 36 36 18 36 36 36 36 36 18 36 36 
52 26 52 26 26 52 26 52 52 26 52 52 26 52 52 
99999 48 24 24 24 99999 36 36 36 24 99999 36 99999 99999 48 
64 64 32 64 64 64 64 32 64 64 64 64 64 64 64 
48 48 48 48 48 48 48 24 48 48 48 48 24 48 48 
48 48 48 48 24 48 48 48 48 48 48 48 48 24 48 
60 60 60 60 60 60 60 60 60 60 30 60 30 30 60 
28 28 28 14 14 28 14 28 28 28 28 14 28 28 28 
28 28 56 56 56 28 56 56 56 56 56 56 56 28 28 
24 48 48 24 24 48 48 48 24 48 48 48 24 48 48 
44 44 44 44 44 22 44 44 44 44 44 44 22 44 44 
48 48 24 48 48 48 48 48 48 48 48 48 48 24 48 
60 60 60 30 30 30 60 30 60 30 30 30 60 60 60 
60 60 30 60 30 60 30 60 60 60 60 60 60 60 60 
36 99999 99999 24 24 99999 99999 99999 99999 48 99999 36 48 36 36 
32 32 16 32 16 32 16 16 32 32 32 32 32 32 32 
21 21 14 35 99999 99999 99999 14 99999 35 14 14 14 99999 14 
28 28 28 14 28 28 28 28 28 28 28 28 28 28 28 
36 18 36 36 18 36 36 18 36 36 36 36 36 36 36 
60 60 60 60 60 60 60 30 60 60 60 60 60 60 60 
48 48 99999 48 60 99999 99999 48 24 99999 99999 36 24 24 99999 
60 60 60 60 60 60 60 60 60 60 30 60 60 60 60 
40 40 40 20 40 40 40 40 40 40 40 20 40 20 40 
44 44 22 22 44 44 44 22 44 22 44 44 44 44 44 
52 52 52 26 52 52 52 52 26 52 52 26 52 52 52 
32 32 32 32 32 32 32 32 32 16 32 32 16 32 32 
28 99999 21 21 28 14 14 14 99999 14 14 99999 14 99999 14 
44 44 44 44 44 22 44 44 44 44 44 22 44 44 44 
10 20 20 20 10 20 20 20 20 20 20 20 20 20 20 
60 60 60 60 60 60 60 60 60 60 60 30 30 60 60 
28 28 28 28 28 28 14 28 28 28 28 28 28 14 28 
48 48 48 24 48 48 48 24 48 48 48 24 24 48 48 
48 48 24 48 24 48 48 48 48 48 24 48 48 48 48 
48 48 48 48 48 48 48 48 48 48 48 48 48 48 48 
48 48 48 48 24 48 48 48 48 48 48 24 48 48 24 
64 64 32 64 64 64 64 64 64 64 64 64 64 64 64 
20 10 20 20 20 10 20 20 20 20 20 20 20 20 20 
36 36 18 36 18 36 36 36 36 18 36 36 36 36 36 
60 60 60 60 60 60 60 60 60 60 60 30 30 60 60 
52 52 52 52 52 52 52 52 52 52 52 52 52 52 52 
60 60 60 60 60 60 30 60 60 60 30 60 60 60 60 
36 24 99999 24 60 24 60 99999 48 36 48 36 60 24 99999 
48 48 48 48 48 48 24 48 48 24 48 48 48 48 48 
60 60 60 60 60 60 30 60 60 30 30 60 60 60 60 
14 28 28 28 28 28 28 28 28 28 28 14 28 28 14 
48 48 48 48 24 48 48 48 48 48 24 48 48 48 24 
64 64 64 64 64 32 64 64 64 64 64 64 64 32 64 
39 52 26 65 99999 99999 99999 26 99999 99999 99999 99999 39 39 65 
24 60 24 99999 24 36 48 60 24 99999 24 99999 36 24 99999 
44 44 22 44 44 44 22 44 44 22 44 44 22 44 44 
48 24 48 48 48 48 24 48 48 48 48 48 24 48 48 
44 44 44 44 44 44 44 44 44 44 44 44 44 44 22 
48 24 24 48 48 48 48 48 48 24 48 48 48 48 48 
48 48 48 48 48 48 48 24 48 48 48 48 48 24 24 
52 26 52 52 52 52 52 52 52 26 52 52 52 26 52 
52 26 26 39 39 52 65 65 99999 52 39 39 65 26 99999 
44 22 44 44 44 44 44 44 44 44 44 44 44 44 44 
48 48 48 60 99999 99999 24 99999 60 48 48 24 99999 60 24 
60 60 60 60 60 60 60 60 30 60 60 30 60 30 60 
21 99999 21 21 99999 99999 99999 99999 14 99999 99999 99999 99999 28 99999 
44 44 44 44 44 44 44 44 44 44 44 44 22 44 44 
24 24 99999 24 99999 60 36 99999 48 24 99999 60 36 60 24 
28 28 28 14 28 28 28 28 28 28 14 28 28 28 28 
28 28 28 28 28 14 28 28 28 28 28 28 14 28 28 
60 60 60 60 60 60 60 60 30 30 60 60 60 60 30 
30 60 60 60 60 30 30 60 60 60 60 30 30 60 60 
56 28 56 28 56 28 56 28 28 56 56 56 28 28 56 
32 32 32 32 16 32 32 32 32 32 32 32 32 32 32 
44 44 44 44 44 44 44 44 44 44 22 44 22 44 22 
20 40 40 40 20 40 40 40 40 40 40 40 40 40 40 
60 99999 24 99999 48 36 99999 36 99999 99999 36 36 48 36 99999 
21 99999 21 99999 28 28 99999 99999 99999 14 28 99999 21 21 99999 
99999 60 99999 24 36 99999 24 99999 99999 60 99999 48 99999 36 99999 
28 28 28 28 28 28 14 14 28 28 14 28 14 28 28 
60 30 60 60 60 60 60 60 60 60 60 60 60 60 60 
52 26 52 26 52 52 26 52 52 52 52 52 52 26 26 
99999 99999 99999 36 99999 99999 24 36 36 36 48 99999 24 99999 99999 
48 48 48 48 48 48 48 24 48 48 48 48 24 48 48 
21 14 21 21 28 28 35 14 35 99999 99999 14 14 21 99999 
26 52 52 52 26 52 52 26 52 52 52 52 26 52 52 
44 44 44 44 44 22 44 44 44 22 44 44 44 44 44 
32 32 32 32 32 32 32 32 32 32 32 16 32 32 32 
32 32 32 16 32 32 32 32 32 16 32 32 32 32 32 
48 48 48 48 24 48 48 24 24 48 48 48 48 48 48 
36 36 36 36 36 36 36 18 36 36 18 18 36 36 36 
52 52 26 52 52 52 52 52 26 52 52 52 52 26 52 
52 52 52 52 52 52 52 52 26 52 52 52 52 52 26 
21 14 99999 99999 35 35 14 21 99999 14 99999 99999 21 21 35 
26 52 26 52 26 52 52 52 52 52 52 26 26 52 52 
30 60 60 60 60 60 60 30 30 60 60 60 30 30 60 
24 48 48 48 48 48 48 24 48 48 48 48 48 24 24 
26 52 52 52 52 52 26 52 52 52 52 52 52 52 26 
28 28 14 28 28 28 28 14 28 28 28 28 28 28 28 
35 99999 99999 14 99999 21 99999 21 14 35 14 99999 99999 99999 35 
56 28 28 56 28 28 56 56 56 56 56 56 28 56 28 
36 18 36 18 18 36 36 36 36 36 36 36 36 18 36 
32 32 32 32 32 32 16 32 32 32 32 32 16 32 32 
99999 48 60 60 99999 99999 60 60 24 99999 24 48 99999 99999 24 
30 60 30 30 60 30 60 60 30 60 60 30 60 60 60 
60 60 60 30 60 60 60 60 30 60 60 30 60 60 60 
48 48 48 48 48 24 48 24 48 48 48 48 48 48 24 
44 44 22 44 44 44 44 44 44 44 44 44 44 44 44 
36 48 99999 24 24 36 24 36 99999 24 36 99999 48 99999 24 
28 14 28 28 28 28 28 28 14 28 14 28 28 28 28 
40 20 40 40 40 20 40 40 40 40 40 20 20 40 40 
36 18 36 36 36 36 36 36 36 36 36 36 36 36 18 
48 48 24 48 48 48 48 48 24 48 48 48 48 24 48 
48 48 48 48 24 48 48 48 48 48 48 48 24 48 24 
44 44 44 44 22 44 44 44 44 44 22 44 44 44 44 
26 52 52 52 52 26 26 52 52 52 52 52 26 52 26 
44 44 44 44 44 44 44 44 44 44 44 22 44 44 22 
60 60 60 30 60 30 60 30 60 60 60 60 30 60 60 
28 28 28 28 28 28 28 28 28 28 28 28 14 28 14 
60 60 30 60 60 60 60 60 60 60 60 60 60 60 30 
32 32 32 32 32 32 16 16 32 32 32 32 32 32 32 
60 60 60 60 30 60 30 60 60 30 60 30 60 60 30 
60 60 60 30 60 60 60 60 60 60 60 60 30 60 60 
600 600 600 600 600 600 600 600 600 600 600 600 600 600 600 
600 600 600 600 600 600 600 600 600 600 600 600 600 600 600 600 600 600 600 600 600 600 600 600 600 600 600 600 600 600 600 600 600 600 600 600 600 600 600 600 600 600 600 600 600 600 600 600 600 600 600 600 600 600 600 600 600 600 600 600 600 600 600 600 600 600 600 600 600 600 600 600 600 600 600 600 600 600 600 600 600 600 600 600 600 600 600 600 600 600 600 600 600 600 600 600 600 600 600 600 600 600 600 600 600 600 600 600 600 600 600 600 600 600 600 600 600 600 600 600 600 600 600 600 600 600 600 600 600 600 600 600 600 600 600 600 600 600 600 600 600 600 600 600 600 600 600 600 600 600 600 600 600 600 600 600 600 600 600 600 600 600 600 600 600 600 600 600 600 600 600 600 600 600 600 600 600 600 600 600 600 600 600 600 600 600 600 600 600 600 600 600 600 600 600 600 600 600 600 600 1 1 1 1 1 1 1 1 1 1 1 1 1 1 1 1 1 1 1 1 1 1 1 1 1 1 1 1 1 1 1 1 1 1 1 1 1 1 1 1 1 1 1 1 1 1 1 1 1 1 1 1 1 1 1 1 1 1 1 1 1 1 1 1 1 1 1 1 1 1 1 1 1 1 1 1 1 1 1 1 1 1 1 1 1 1 1 1 1 1 1 1 1 1 1 1 1 1 1 1 1 1 1 1 1 1 1 1 1 1 1 1 1 1 1 1 1 1 1 1 1 1 1 1 1 1 1 1 1 1 1 1 1 1 1 1 1 1 1 1 1 1 1 1 1 1 1 1 1 1 1 1 1 1 1 1 1 1 1 1 1 1 1 1 1 1 1 1 1 1 1 1 1 1 1 1 1 1 1 1 1 1 1 1 1 1 1 1 1 1 1 1 1 1 1 1 1 1 1 1 