200
15
100 59 9 107 33 26 13 88 130 33 13 33 53 114 54 83 13 39 106 71 74 120 49 71 50 53 134 33 50 112 7 74 96 143 59 53 140 126 100 125 49 53 122 104 140 126 76 103 105 33 143 55 26 26 49 9 134 79 83 105 111 111 106 55 26 141 106 9 111 94 134 26 106 53 38 94 76 107 48 9 39 54 7 104 76 96 53 83 50 130 50 39 59 120 129 120 122 106 48 38 141 129 53 121 13 105 35 15 7 112 13 38 33 114 49 111 85 134 55 59 9 50 134 76 37 26 49 49 107 125 100 105 39 103 29 29 100 96 37 107 83 130 140 130 104 122 85 114 37 96 120 49 141 93 114 125 120 104 15 120 112 54 7 134 59 121 38 100 29 49 106 35 33 96 94 130 48 106 114 26 26 33 29 107 120 79 54 26 49 74 50 48 93 130 130 120 9 111 125 105 
14 14 14 14 14 14 14 14 14 14 14 14 14 14 14 
99999 99999 99999 16 99999 99999 16 16 99999 16 99999 99999 16 99999 16 
20 20 20 20 20 20 20 99999 99999 20 99999 20 20 20 99999 
16 99999 16 99999 16 16 99999 99999 16 99999 16 16 16 16 16 
99999 99999 18 99999 99999 99999 99999 18 99999 99999 99999 18 99999 99999 18 
22 22 99999 99999 99999 99999 99999 22 22 99999 99999 99999 99999 22 99999 
30 30 30 30 30 30 30 30 30 30 30 99999 30 99999 99999 
12 99999 12 12 12 99999 12 12 12 12 99999 12 99999 12 12 
16 99999 99999 16 16 99999 99999 99999 99999 99999 16 99999 99999 16 99999 
14 14 14 99999 14 99999 14 99999 14 14 99999 14 14 14 14 
12 12 12 12 12 12 12 99999 99999 12 99999 12 12 99999 99999 
16 16 99999 16 16 16 99999 16 16 16 16 99999 99999 16 16 
10 10 99999 99999 10 10 99999 10 10 10 10 10 10 99999 10 
99999 99999 99999 18 18 18 99999 18 18 18 18 18 99999 99999 18 
20 99999 20 20 20 20 20 20 20 20 20 20 20 20 99999 
99999 28 28 99999 99999 99999 28 99999 99999 99999 99999 99999 99999 99999 99999 
99999 99999 16 99999 16 16 16 16 16 99999 99999 16 16 16 16 
99999 12 99999 12 12 99999 99999 12 12 99999 12 12 99999 99999 12 
30 30 99999 30 30 30 30 30 30 30 30 30 99999 30 99999 
30 30 30 30 99999 30 99999 99999 99999 99999 30 30 30 99999 30 
12 12 12 12 99999 12 12 12 99999 99999 12 12 12 12 12 
99999 99999 16 16 99999 16 99999 99999 16 99999 16 99999 99999 99999 99999 
99999 99999 99999 99999 99999 12 99999 12 99999 12 12 99999 99999 99999 12 
12 12 99999 99999 99999 99999 12 99999 99999 99999 99999 99999 99999 99999 12 
99999 99999 8 99999 8 99999 8 8 99999 99999 8 8 99999 99999 8 
99999 99999 99999 20 99999 20 99999 20 99999 99999 20 99999 20 20 99999 
32 32 99999 32 99999 32 99999 32 32 32 99999 32 32 32 32 
20 20 99999 20 99999 20 99999 20 20 20 20 99999 99999 20 20 
18 99999 99999 18 18 18 18 18 99999 18 18 18 18 18 99999 
20 20 20 20 20 20 20 99999 20 20 20 99999 20 20 99999 
99999 18 99999 18 18 18 99999 99999 18 18 18 99999 99999 18 18 
99999 99999 99999 24 99999 24 24 99999 24 99999 24 24 99999 24 99999 
99999 34 99999 99999 34 99999 99999 99999 34 99999 34 34 34 34 34 
20 99999 99999 20 99999 99999 99999 20 99999 99999 20 99999 20 99999 20 
14 99999 99999 99999 14 14 14 14 99999 99999 14 14 99999 14 14 
99999 99999 99999 14 14 14 99999 14 14 14 14 99999 99999 99999 99999 
16 16 99999 16 99999 16 99999 99999 99999 16 16 99999 99999 99999 16 
99999 99999 99999 99999 14 14 99999 14 14 14 14 14 99999 14 14 
99999 99999 36 99999 36 99999 36 99999 36 36 36 36 36 99999 99999 
16 16 16 16 99999 99999 16 16 99999 16 16 16 16 16 99999 
16 16 16 16 99999 99999 99999 16 16 99999 16 16 99999 16 99999 
34 99999 99999 99999 99999 99999 99999 99999 34 34 99999 99999 99999 34 34 
99999 16 16 16 16 99999 16 16 16 16 99999 16 16 16 16 
99999 16 16 16 16 99999 99999 99999 99999 99999 99999 16 99999 99999 99999 
99999 10 10 10 10 99999 10 10 10 10 10 10 99999 99999 99999 
18 99999 18 18 99999 18 18 18 99999 99999 99999 18 18 18 18 
26 99999 26 99999 26 99999 26 26 99999 26 26 26 26 26 26 
20 99999 99999 99999 20 20 20 99999 99999 20 99999 20 99999 99999 99999 
16 99999 99999 16 99999 99999 16 99999 99999 99999 16 16 99999 99999 99999 
99999 99999 99999 99999 99999 22 99999 99999 99999 22 99999 22 22 22 99999 
99999 99999 10 10 99999 10 99999 10 10 10 10 10 99999 10 10 
99999 99999 99999 99999 99999 99999 20 20 20 99999 20 99999 20 20 20 
16 16 16 99999 16 99999 99999 99999 99999 16 99999 99999 16 99999 16 
99999 99999 99999 8 99999 8 8 99999 99999 99999 99999 8 99999 99999 99999 
99999 10 10 99999 10 10 99999 99999 10 10 99999 10 99999 99999 10 
14 14 14 14 99999 14 99999 99999 99999 99999 99999 99999 99999 14 99999 
99999 22 99999 99999 22 99999 99999 22 22 22 99999 22 99999 99999 99999 
99999 99999 99999 99999 16 16 99999 16 16 99999 16 99999 16 99999 16 
12 12 12 12 12 12 12 12 99999 12 12 12 12 12 12 
14 99999 99999 14 14 14 14 14 99999 99999 14 99999 14 14 99999 
99999 99999 8 8 8 99999 99999 8 8 8 8 8 99999 8 8 
16 16 16 16 99999 99999 99999 16 99999 16 99999 99999 16 99999 99999 
20 20 20 20 99999 20 99999 20 99999 20 99999 20 20 20 99999 
99999 99999 99999 99999 99999 14 14 14 14 14 14 99999 14 14 14 
99999 99999 99999 24 99999 99999 99999 24 24 99999 99999 24 99999 24 24 
20 99999 99999 99999 20 99999 20 20 20 20 20 20 99999 20 20 
99999 99999 16 16 16 16 16 16 16 16 99999 99999 16 16 99999 
99999 99999 99999 99999 99999 99999 99999 99999 99999 99999 26 26 99999 26 26 
12 99999 99999 99999 99999 12 99999 99999 99999 12 12 12 12 99999 99999 
99999 99999 28 99999 99999 28 28 99999 99999 28 99999 99999 28 99999 28 
99999 99999 22 22 22 22 99999 99999 22 22 99999 22 22 22 99999 
20 99999 20 20 20 99999 20 99999 20 20 20 20 20 20 99999 
14 14 14 14 14 14 14 14 99999 99999 99999 99999 14 14 99999 
99999 34 99999 99999 34 99999 99999 99999 34 34 99999 34 34 99999 99999 
12 12 12 12 99999 12 99999 12 99999 99999 12 99999 12 12 12 
99999 14 14 99999 99999 14 14 99999 14 14 14 14 99999 14 99999 
10 10 99999 10 10 10 10 10 10 99999 10 99999 99999 10 10 
10 10 99999 99999 99999 10 99999 99999 99999 10 99999 99999 10 99999 99999 
26 99999 99999 26 99999 26 99999 99999 26 26 99999 99999 26 26 26 
28 28 99999 28 28 28 99999 99999 99999 99999 28 99999 28 99999 28 
99999 99999 22 22 99999 22 99999 99999 22 99999 22 99999 22 99999 22 
99999 16 16 99999 16 99999 16 99999 99999 16 16 99999 16 16 99999 
16 16 16 16 99999 99999 99999 99999 16 99999 16 99999 16 16 99999 
12 99999 12 99999 12 99999 12 99999 12 12 99999 12 99999 99999 99999 
16 16 99999 16 16 16 16 99999 16 16 99999 16 16 99999 16 
99999 12 99999 99999 12 12 99999 12 99999 12 99999 12 99999 99999 12 
16 99999 16 16 99999 16 16 99999 16 99999 16 16 16 16 99999 
99999 16 16 16 16 16 16 99999 16 16 16 16 99999 99999 99999 
99999 20 99999 20 99999 20 99999 20 99999 99999 99999 99999 99999 99999 20 
16 99999 16 16 99999 16 16 16 16 16 16 16 16 16 16 
16 16 99999 16 99999 99999 16 99999 16 16 16 16 16 99999 16 
12 99999 99999 99999 99999 99999 99999 12 12 99999 12 99999 12 99999 12 
99999 20 99999 99999 99999 99999 99999 99999 20 99999 20 20 99999 20 99999 
20 99999 99999 99999 99999 99999 99999 99999 99999 20 20 99999 20 20 20 
26 99999 99999 26 26 26 26 99999 99999 99999 99999 99999 26 26 99999 
99999 99999 20 99999 99999 20 20 99999 20 20 99999 20 20 20 20 
8 8 8 8 8 8 8 8 8 99999 99999 99999 8 8 8 
99999 30 30 30 30 99999 30 30 30 99999 99999 30 30 30 99999 
18 18 18 99999 18 18 99999 18 99999 99999 18 18 18 18 99999 
14 14 14 99999 14 14 14 99999 99999 99999 99999 14 99999 99999 14 
34 99999 34 34 99999 99999 99999 34 99999 34 34 34 99999 99999 99999 
99999 14 99999 99999 99999 99999 14 99999 99999 99999 99999 99999 99999 14 99999 
16 16 99999 16 16 16 16 16 16 99999 16 16 99999 16 16 
99999 22 22 22 99999 22 22 99999 22 99999 22 22 22 22 99999 
22 99999 22 22 99999 99999 99999 22 22 22 22 22 22 99999 22 
20 99999 99999 20 20 99999 99999 20 99999 99999 99999 99999 20 99999 20 
99999 14 14 14 14 14 99999 99999 14 14 14 14 99999 99999 14 
99999 16 99999 16 99999 16 16 16 16 16 99999 99999 16 16 99999 
99999 8 8 99999 8 99999 99999 99999 8 99999 8 8 8 8 8 
16 16 16 99999 99999 16 99999 16 16 99999 99999 99999 99999 16 99999 
20 99999 99999 20 20 20 99999 99999 99999 20 20 99999 20 99999 99999 
12 12 12 99999 12 12 12 99999 99999 12 12 12 12 12 99999 
99999 14 99999 14 99999 99999 99999 14 99999 99999 14 99999 99999 14 14 
16 99999 99999 99999 99999 99999 99999 16 16 16 99999 16 99999 99999 99999 
18 18 99999 18 99999 99999 99999 99999 18 99999 18 18 18 99999 99999 
99999 16 16 99999 16 16 16 16 99999 99999 99999 99999 16 16 99999 
36 99999 99999 99999 99999 99999 99999 99999 99999 99999 36 99999 99999 99999 36 
18 18 99999 99999 99999 18 18 18 99999 18 99999 99999 18 99999 99999 
26 26 99999 26 99999 26 26 99999 99999 99999 26 99999 99999 99999 26 
99999 20 99999 99999 99999 99999 99999 20 99999 99999 20 20 99999 20 20 
99999 18 99999 99999 18 99999 99999 99999 99999 18 18 18 99999 99999 18 
99999 99999 26 99999 26 99999 26 99999 26 99999 99999 26 99999 99999 26 
30 30 30 30 30 99999 30 99999 30 30 30 30 30 30 30 
20 99999 20 99999 20 20 20 99999 99999 20 99999 20 20 99999 99999 
99999 24 24 99999 99999 99999 24 24 99999 24 24 24 24 24 99999 
99999 4 4 4 4 4 4 4 4 4 99999 4 4 4 4 
99999 28 99999 28 99999 99999 99999 28 99999 99999 28 99999 99999 99999 28 
99999 99999 99999 20 20 99999 20 99999 20 20 20 99999 99999 99999 20 
22 99999 99999 99999 22 99999 99999 22 99999 22 99999 22 22 99999 99999 
99999 99999 20 20 99999 99999 99999 99999 99999 20 20 99999 99999 20 99999 
99999 22 22 22 22 99999 99999 99999 99999 99999 99999 22 99999 22 22 
99999 26 99999 99999 26 99999 26 99999 99999 99999 26 26 99999 99999 26 
99999 20 99999 20 99999 99999 20 20 99999 20 20 20 20 20 99999 
14 14 14 14 14 14 99999 14 14 99999 14 99999 99999 14 14 
99999 99999 22 99999 99999 22 99999 99999 99999 22 99999 22 99999 99999 22 
20 20 99999 99999 20 20 99999 20 20 99999 20 99999 20 20 20 
99999 99999 99999 99999 99999 12 99999 99999 99999 12 99999 99999 99999 99999 99999 
10 10 10 99999 10 10 10 99999 99999 10 10 99999 10 99999 10 
99999 12 99999 99999 12 12 12 12 12 12 99999 12 12 99999 12 
20 20 20 20 99999 99999 20 20 20 20 20 20 20 99999 20 
99999 99999 12 99999 12 12 12 12 12 12 12 12 12 12 99999 
16 99999 16 16 16 16 16 16 16 16 16 16 16 16 16 
99999 99999 22 22 22 99999 99999 22 22 99999 22 22 99999 22 22 
99999 14 99999 99999 99999 99999 99999 99999 14 99999 14 99999 99999 99999 14 
99999 99999 16 99999 99999 99999 16 16 99999 16 99999 99999 16 16 99999 
16 16 99999 99999 16 16 99999 99999 99999 99999 99999 99999 99999 99999 99999 
22 22 22 22 99999 22 22 99999 22 22 22 22 22 99999 99999 
99999 20 20 99999 99999 20 99999 99999 20 20 99999 20 20 20 99999 
99999 20 99999 99999 20 20 99999 20 99999 20 20 20 20 99999 99999 
99999 10 10 10 99999 99999 99999 99999 99999 10 10 99999 10 10 99999 
16 16 99999 99999 99999 16 16 99999 99999 99999 16 16 16 16 99999 
20 20 20 20 20 20 20 99999 20 99999 20 20 20 99999 99999 
99999 99999 22 22 22 22 99999 99999 99999 99999 99999 99999 22 99999 99999 
12 12 12 99999 99999 12 12 99999 99999 99999 99999 99999 12 99999 12 
99999 16 16 16 16 16 99999 99999 16 16 16 16 16 16 16 
14 14 14 14 99999 14 99999 99999 14 14 14 14 99999 14 14 
99999 99999 14 14 99999 99999 99999 14 14 99999 14 14 99999 14 14 
99999 22 99999 99999 99999 22 22 99999 22 99999 99999 99999 22 99999 99999 
10 10 10 10 10 10 10 99999 10 99999 10 99999 99999 99999 10 
99999 16 99999 16 99999 99999 16 16 16 16 16 99999 16 16 16 
99999 99999 20 99999 20 20 20 99999 99999 20 20 99999 20 99999 99999 
16 99999 99999 16 16 99999 16 99999 16 99999 16 99999 16 16 16 
99999 14 99999 14 99999 99999 14 14 14 14 99999 14 99999 99999 99999 
16 16 99999 16 16 16 99999 16 99999 16 16 99999 16 16 16 
99999 10 99999 10 99999 99999 10 10 99999 10 99999 10 10 99999 99999 
99999 12 99999 12 12 12 99999 12 99999 12 99999 99999 12 12 12 
20 99999 20 20 20 99999 99999 20 99999 20 99999 20 20 20 99999 
20 20 20 20 20 20 20 99999 99999 20 20 20 20 99999 99999 
22 99999 99999 22 22 99999 22 99999 99999 99999 99999 99999 22 99999 99999 
20 99999 99999 99999 20 20 20 99999 20 99999 99999 20 99999 99999 99999 
12 12 12 12 12 12 12 12 12 99999 12 99999 12 12 12 
99999 22 22 22 99999 22 22 22 99999 99999 22 99999 99999 22 22 
99999 20 20 99999 20 20 99999 20 20 99999 20 20 20 99999 99999 
22 99999 22 99999 22 22 22 99999 22 22 22 99999 22 22 22 
99999 99999 28 99999 99999 28 28 99999 28 99999 99999 28 99999 28 28 
99999 20 99999 99999 20 99999 20 99999 20 99999 20 20 99999 99999 99999 
99999 99999 99999 99999 99999 28 28 28 28 28 99999 28 99999 99999 28 
99999 99999 14 14 14 14 99999 14 99999 99999 14 14 14 99999 99999 
20 20 20 99999 20 20 20 20 20 20 20 99999 20 99999 20 
99999 99999 99999 14 14 99999 14 99999 14 14 99999 99999 14 14 99999 
99999 22 99999 99999 22 99999 22 99999 99999 22 99999 22 99999 22 22 
10 99999 10 99999 99999 99999 99999 99999 10 99999 10 99999 99999 99999 99999 
8 8 8 8 99999 99999 99999 8 8 8 99999 99999 99999 8 99999 
12 99999 99999 99999 12 99999 12 99999 12 99999 12 99999 12 99999 99999 
30 30 30 30 99999 30 30 99999 30 30 30 99999 30 99999 30 
99999 30 99999 99999 99999 99999 99999 99999 99999 30 30 99999 99999 99999 30 
99999 99999 16 16 99999 99999 99999 99999 16 16 99999 16 16 99999 16 
30 30 30 30 30 30 99999 30 99999 30 30 30 99999 30 30 
99999 16 16 99999 16 16 16 16 16 99999 99999 16 99999 99999 99999 
20 20 99999 20 99999 20 20 99999 20 20 20 20 20 99999 99999 
99999 22 22 22 22 22 22 22 22 22 99999 99999 22 99999 99999 
99999 99999 99999 99999 99999 99999 20 99999 99999 99999 99999 99999 20 99999 99999 
99999 99999 99999 99999 22 99999 22 99999 99999 99999 22 99999 99999 99999 99999 
99999 99999 20 99999 20 20 20 99999 99999 20 99999 99999 20 99999 99999 
99999 99999 99999 99999 8 99999 99999 99999 99999 99999 99999 8 99999 8 8 
99999 16 16 16 16 16 16 99999 16 99999 16 99999 99999 16 16 
20 99999 20 99999 99999 20 20 99999 99999 20 20 20 20 20 20 
18 99999 99999 99999 99999 99999 99999 99999 99999 99999 99999 99999 18 18 99999 
99999 99999 99999 20 99999 20 20 99999 20 20 20 20 20 20 20 
20 20 20 20 20 20 99999 99999 20 99999 99999 99999 20 20 20 
99999 99999 20 20 99999 20 20 99999 20 20 20 99999 99999 99999 20 
600 600 600 600 600 600 600 600 600 600 600 600 600 600 600 
600 600 600 600 600 600 600 600 600 600 600 600 600 600 600 600 600 600 600 600 600 600 600 600 600 600 600 600 600 600 600 600 600 600 600 600 600 600 600 600 600 600 600 600 600 600 600 600 600 600 600 600 600 600 600 600 600 600 600 600 600 600 600 600 600 600 600 600 600 600 600 600 600 600 600 600 600 600 600 600 600 600 600 600 600 600 600 600 600 600 600 600 600 600 600 600 600 600 600 600 600 600 600 600 600 600 600 600 600 600 600 600 600 600 600 600 600 600 600 600 600 600 600 600 600 600 600 600 600 600 600 600 600 600 600 600 600 600 600 600 600 600 600 600 600 600 600 600 600 600 600 600 600 600 600 600 600 600 600 600 600 600 600 600 600 600 600 600 600 600 600 600 600 600 600 600 600 600 600 600 600 600 600 600 600 600 600 600 600 600 600 600 600 600 600 600 600 600 600 600 1 1 1 1 1 1 1 1 1 1 1 1 1 1 1 1 1 1 1 1 1 1 1 1 1 1 1 1 1 1 1 1 1 1 1 1 1 1 1 1 1 1 1 1 1 1 1 1 1 1 1 1 1 1 1 1 1 1 1 1 1 1 1 1 1 1 1 1 1 1 1 1 1 1 1 1 1 1 1 1 1 1 1 1 1 1 1 1 1 1 1 1 1 1 1 1 1 1 1 1 1 1 1 1 1 1 1 1 1 1 1 1 1 1 1 1 1 1 1 1 1 1 1 1 1 1 1 1 1 1 1 1 1 1 1 1 1 1 1 1 1 1 1 1 1 1 1 1 1 1 1 1 1 1 1 1 1 1 1 1 1 1 1 1 1 1 1 1 1 1 1 1 1 1 1 1 1 1 1 1 1 1 1 1 1 1 1 1 1 1 1 1 1 1 1 1 1 1 1 1 