200
15
49 48 37 88 42 99 62 88 117 143 119 132 88 50 33 62 48 88 48 29 143 83 12 18 125 141 62 49 53 143 48 50 110 20 18 42 42 62 88 18 141 26 119 50 27 88 97 83 50 53 42 18 71 18 42 71 53 42 29 88 133 71 12 76 42 76 49 88 97 18 29 88 62 26 27 115 18 42 42 76 71 83 125 62 125 42 48 18 83 76 49 143 37 20 42 125 33 49 125 33 76 119 29 62 143 99 99 88 53 133 12 76 115 71 49 119 86 97 99 48 143 62 42 29 37 62 86 48 76 132 29 117 88 125 20 97 119 37 33 97 53 137 119 115 48 88 26 143 50 53 48 42 83 18 42 71 33 132 42 50 110 119 110 42 97 97 125 71 83 37 86 20 49 83 33 29 49 88 143 137 86 99 119 26 42 18 29 27 125 18 27 117 62 26 42 141 48 119 62 42 
22 22 22 22 22 22 22 22 22 22 22 22 22 22 22 
16 32 32 32 32 32 32 16 32 32 16 32 32 16 32 
16 32 32 32 16 32 32 32 16 32 32 32 32 16 32 
32 32 32 32 32 16 32 32 32 32 32 32 16 32 32 
28 28 28 28 28 28 28 14 28 28 28 28 28 28 14 
56 56 28 56 28 56 56 56 56 56 56 56 56 56 56 
28 28 14 28 28 28 14 28 28 28 14 28 28 14 28 
44 44 44 22 44 44 44 44 44 22 44 44 44 44 44 
8 8 8 8 8 4 4 8 8 8 8 8 8 4 8 
99999 72 99999 90 36 90 99999 36 54 99999 99999 99999 54 54 99999 
28 56 56 28 56 56 56 56 56 56 56 28 56 56 56 
32 32 32 32 32 32 32 32 32 32 32 32 32 32 32 
72 72 72 72 72 72 72 72 72 72 72 72 72 72 72 
80 80 80 80 80 80 80 40 80 80 80 40 40 80 80 
56 56 56 56 56 56 56 56 56 28 56 56 56 56 56 
48 48 48 48 48 48 24 48 48 48 48 48 48 48 48 
24 24 24 12 24 24 24 24 24 24 12 24 12 24 24 
36 36 36 18 36 36 36 18 36 36 36 36 18 36 18 
88 88 88 44 44 88 88 88 88 88 88 88 88 88 88 
44 44 44 44 44 44 44 44 44 44 44 22 22 44 44 
40 20 40 40 40 40 40 40 40 40 40 20 20 40 40 
21 99999 99999 99999 21 14 35 14 21 99999 28 99999 21 99999 21 
24 24 12 24 24 24 24 24 24 24 24 24 24 24 24 
80 80 80 80 40 40 80 80 40 80 80 80 80 80 80 
18 36 36 36 36 36 36 36 18 36 36 18 36 36 18 
40 40 40 40 40 20 40 40 20 20 40 40 20 40 40 
16 32 16 16 32 32 32 32 32 32 32 32 32 32 32 
18 18 36 36 36 36 36 36 36 36 36 36 36 36 18 
28 28 14 28 28 28 28 28 28 14 28 28 28 14 28 
32 16 32 32 16 32 32 32 32 32 32 16 32 32 32 
36 36 36 36 18 18 36 36 18 36 36 18 36 36 36 
22 44 44 44 44 44 22 44 44 44 22 22 44 44 44 
44 44 44 22 44 44 44 44 44 44 22 44 44 44 44 
44 44 44 22 44 44 44 22 44 44 44 44 44 22 44 
18 12 18 12 24 18 99999 99999 99999 18 99999 99999 18 99999 12 
44 88 88 88 88 88 88 88 88 88 88 88 88 88 88 
56 56 56 56 28 28 56 56 56 56 56 56 56 56 56 
88 88 88 44 88 44 88 88 44 88 88 88 88 88 88 
88 88 44 88 88 88 88 44 88 88 88 44 44 88 88 
72 72 72 36 72 72 72 36 72 72 72 72 72 72 72 
44 44 22 44 44 22 44 44 44 44 44 22 22 44 44 
52 52 52 52 52 52 52 52 52 52 52 52 52 52 52 
72 72 72 36 36 72 72 72 72 36 72 72 72 72 72 
32 32 32 32 32 32 32 32 32 16 32 16 32 32 32 
56 28 56 28 56 28 28 56 56 56 56 28 56 56 56 
24 24 24 24 24 24 24 24 12 24 24 24 12 24 24 
56 56 28 56 56 56 56 56 56 56 56 56 28 28 56 
24 24 24 24 24 24 24 24 24 24 24 24 24 24 24 
21 14 14 35 99999 21 14 14 99999 99999 21 99999 99999 21 21 
44 22 22 44 44 44 44 44 44 44 44 44 44 44 22 
14 28 14 28 14 28 28 28 28 28 28 14 28 28 28 
84 84 84 42 84 84 84 84 84 42 84 84 84 84 84 
28 28 28 28 28 28 28 28 14 28 14 28 28 28 28 
42 84 84 42 42 84 84 84 84 84 42 42 84 84 84 
8 8 4 8 8 8 8 8 4 8 8 8 8 8 8 
52 52 52 26 52 52 52 52 52 52 52 52 52 52 52 
16 32 32 32 32 32 16 32 32 16 32 32 32 16 32 
84 84 84 84 84 84 84 84 84 84 84 42 84 84 84 
8 8 8 8 8 8 8 8 8 4 8 4 8 8 8 
14 28 14 28 14 14 28 28 28 28 28 28 28 28 14 
28 28 28 14 28 28 28 28 28 28 28 14 28 28 14 
52 52 52 52 52 52 52 52 26 52 26 52 52 52 52 
88 88 88 88 88 88 44 88 88 88 88 88 44 88 88 
52 52 26 52 52 26 52 52 52 52 52 52 52 52 52 
28 28 28 14 28 14 28 28 28 14 28 14 14 28 28 
44 44 44 44 22 44 44 44 44 44 44 44 22 44 44 
52 52 52 52 52 52 52 26 52 52 52 52 52 52 52 
99999 99999 54 99999 54 36 72 99999 99999 99999 36 36 36 54 99999 
36 36 36 36 18 36 36 36 18 36 36 36 36 36 36 
28 28 14 28 14 28 28 14 14 14 28 28 28 28 28 
35 14 28 28 99999 14 99999 28 35 21 99999 99999 35 35 99999 
32 32 32 16 32 16 32 32 16 16 32 32 32 32 32 
42 42 84 84 84 84 84 42 84 42 84 84 84 84 84 
36 36 36 36 18 36 36 36 36 36 36 36 36 36 36 
72 72 72 72 36 72 72 36 72 72 72 72 72 72 72 
14 99999 14 21 99999 28 99999 99999 99999 14 28 35 14 28 99999 
18 36 36 36 36 36 36 36 18 36 36 36 36 18 36 
84 84 84 84 84 84 84 42 84 84 84 84 84 84 42 
88 88 88 88 88 44 88 44 88 88 44 88 88 44 88 
44 44 44 44 22 44 22 44 44 44 44 22 44 44 44 
14 28 28 14 28 28 28 28 28 14 28 28 14 28 28 
99999 21 99999 21 21 28 14 99999 99999 35 14 21 35 99999 21 
36 36 36 36 36 36 36 36 36 36 18 36 36 36 36 
36 72 72 72 36 72 36 72 72 72 72 72 72 72 36 
60 30 60 60 60 60 30 60 60 60 60 60 30 60 60 
52 26 52 26 26 52 26 52 52 26 52 52 26 52 52 
99999 28 14 14 14 99999 21 21 21 14 99999 21 99999 99999 28 
52 52 26 52 52 52 52 26 52 52 52 52 52 52 52 
56 56 56 56 56 56 56 28 56 56 56 56 28 56 56 
88 88 88 88 44 88 88 88 88 88 88 88 88 44 88 
32 32 32 32 32 32 32 32 32 32 16 32 16 16 32 
80 80 80 40 40 80 40 80 80 80 80 40 80 80 80 
18 18 36 36 36 18 36 36 36 36 36 36 36 18 18 
44 88 88 44 44 88 88 88 44 88 88 88 44 88 88 
44 44 44 44 44 22 44 44 44 44 44 44 22 44 44 
24 24 12 24 24 24 24 24 24 24 24 24 24 12 24 
44 44 44 22 22 22 44 22 44 22 22 22 44 44 44 
44 44 22 44 22 44 22 44 44 44 44 44 44 44 44 
21 99999 99999 14 14 99999 99999 99999 99999 28 99999 21 28 21 21 
8 8 4 8 4 8 4 4 8 8 8 8 8 8 8 
39 39 26 65 99999 99999 99999 26 99999 65 26 26 26 99999 26 
72 72 72 36 72 72 72 72 72 72 72 72 72 72 72 
32 16 32 32 16 32 32 16 32 32 32 32 32 32 32 
32 32 32 32 32 32 32 16 32 32 32 32 32 32 32 
28 28 99999 28 35 99999 99999 28 14 99999 99999 21 14 14 99999 
32 32 32 32 32 32 32 32 32 32 16 32 32 32 32 
56 56 56 28 56 56 56 56 56 56 56 28 56 28 56 
72 72 36 36 72 72 72 36 72 36 72 72 72 72 72 
40 40 40 20 40 40 40 40 20 40 40 20 40 40 40 
44 44 44 44 44 44 44 44 44 22 44 44 22 44 44 
52 99999 39 39 52 26 26 26 99999 26 26 99999 26 99999 26 
88 88 88 88 88 44 88 88 88 88 88 44 88 88 88 
14 28 28 28 14 28 28 28 28 28 28 28 28 28 28 
52 52 52 52 52 52 52 52 52 52 52 26 26 52 52 
24 24 24 24 24 24 12 24 24 24 24 24 24 12 24 
56 56 56 28 56 56 56 28 56 56 56 28 28 56 56 
88 88 44 88 44 88 88 88 88 88 44 88 88 88 88 
24 24 24 24 24 24 24 24 24 24 24 24 24 24 24 
84 84 84 84 42 84 84 84 84 84 84 42 84 84 42 
52 52 26 52 52 52 52 52 52 52 52 52 52 52 52 
28 14 28 28 28 14 28 28 28 28 28 28 28 28 28 
60 60 30 60 30 60 60 60 60 30 60 60 60 60 60 
32 32 32 32 32 32 32 32 32 32 32 16 16 32 32 
84 84 84 84 84 84 84 84 84 84 84 84 84 84 84 
32 32 32 32 32 32 16 32 32 32 16 32 32 32 32 
21 14 99999 14 35 14 35 99999 28 21 28 21 35 14 99999 
88 88 88 88 88 88 44 88 88 44 88 88 88 88 88 
32 32 32 32 32 32 16 32 32 16 16 32 32 32 32 
36 72 72 72 72 72 72 72 72 72 72 36 72 72 36 
56 56 56 56 28 56 56 56 56 56 28 56 56 56 28 
52 52 52 52 52 26 52 52 52 52 52 52 52 26 52 
18 24 12 30 99999 99999 99999 12 99999 99999 99999 99999 18 18 30 
14 35 14 99999 14 21 28 35 14 99999 14 99999 21 14 99999 
28 28 14 28 28 28 14 28 28 14 28 28 14 28 28 
84 42 84 84 84 84 42 84 84 84 84 84 42 84 84 
44 44 44 44 44 44 44 44 44 44 44 44 44 44 22 
24 12 12 24 24 24 24 24 24 12 24 24 24 24 24 
88 88 88 88 88 88 88 44 88 88 88 88 88 44 44 
84 42 84 84 84 84 84 84 84 42 84 84 84 42 84 
24 12 12 18 18 24 30 30 99999 24 18 18 30 12 99999 
88 44 88 88 88 88 88 88 88 88 88 88 88 88 88 
28 28 28 35 99999 99999 14 99999 35 28 28 14 99999 35 14 
52 52 52 52 52 52 52 52 26 52 52 26 52 26 52 
54 99999 54 54 99999 99999 99999 99999 36 99999 99999 99999 99999 72 99999 
44 44 44 44 44 44 44 44 44 44 44 44 22 44 44 
14 14 99999 14 99999 35 21 99999 28 14 99999 35 21 35 14 
32 32 32 16 32 32 32 32 32 32 16 32 32 32 32 
80 80 80 80 80 40 80 80 80 80 80 80 40 80 80 
44 44 44 44 44 44 44 44 22 22 44 44 44 44 22 
16 32 32 32 32 16 16 32 32 32 32 16 16 32 32 
36 18 36 18 36 18 36 18 18 36 36 36 18 18 36 
8 8 8 8 4 8 8 8 8 8 8 8 8 8 8 
28 28 28 28 28 28 28 28 28 28 14 28 14 28 14 
28 56 56 56 28 56 56 56 56 56 56 56 56 56 56 
35 99999 14 99999 28 21 99999 21 99999 99999 21 21 28 21 99999 
39 99999 39 99999 52 52 99999 99999 99999 26 52 99999 39 39 99999 
99999 35 99999 14 21 99999 14 99999 99999 35 99999 28 99999 21 99999 
80 80 80 80 80 80 40 40 80 80 40 80 40 80 80 
52 26 52 52 52 52 52 52 52 52 52 52 52 52 52 
48 24 48 24 48 48 24 48 48 48 48 48 48 24 24 
99999 99999 99999 21 99999 99999 14 21 21 21 28 99999 14 99999 99999 
56 56 56 56 56 56 56 28 56 56 56 56 28 56 56 
39 26 39 39 52 52 65 26 65 99999 99999 26 26 39 99999 
42 84 84 84 42 84 84 42 84 84 84 84 42 84 84 
88 88 88 88 88 44 88 88 88 44 88 88 88 88 88 
8 8 8 8 8 8 8 8 8 8 8 4 8 8 8 
8 8 8 4 8 8 8 8 8 4 8 8 8 8 8 
84 84 84 84 42 84 84 42 42 84 84 84 84 84 84 
60 60 60 60 60 60 60 30 60 60 30 30 60 60 60 
52 52 26 52 52 52 52 52 26 52 52 52 52 26 52 
48 48 48 48 48 48 48 48 24 48 48 48 48 48 24 
39 26 99999 99999 65 65 26 39 99999 26 99999 99999 39 39 65 
24 48 24 48 24 48 48 48 48 48 48 24 24 48 48 
16 32 32 32 32 32 32 16 16 32 32 32 16 16 32 
28 56 56 56 56 56 56 28 56 56 56 56 56 28 28 
24 48 48 48 48 48 24 48 48 48 48 48 48 48 24 
80 80 40 80 80 80 80 40 80 80 80 80 80 80 80 
90 99999 99999 36 99999 54 99999 54 36 90 36 99999 99999 99999 90 
36 18 18 36 18 18 36 36 36 36 36 36 18 36 18 
60 30 60 30 30 60 60 60 60 60 60 60 60 30 60 
8 8 8 8 8 8 4 8 8 8 8 8 4 8 8 
99999 28 35 35 99999 99999 35 35 14 99999 14 28 99999 99999 14 
16 32 16 16 32 16 32 32 16 32 32 16 32 32 32 
44 44 44 22 44 44 44 44 22 44 44 22 44 44 44 
24 24 24 24 24 12 24 12 24 24 24 24 24 24 12 
28 28 14 28 28 28 28 28 28 28 28 28 28 28 28 
21 28 99999 14 14 21 14 21 99999 14 21 99999 28 99999 14 
72 36 72 72 72 72 72 72 36 72 36 72 72 72 72 
56 28 56 56 56 28 56 56 56 56 56 28 28 56 56 
60 30 60 60 60 60 60 60 60 60 60 60 60 60 30 
84 84 42 84 84 84 84 84 42 84 84 84 84 42 84 
84 84 84 84 42 84 84 84 84 84 84 84 42 84 42 
72 72 72 72 36 72 72 72 72 72 36 72 72 72 72 
20 40 40 40 40 20 20 40 40 40 40 40 20 40 20 
72 72 72 72 72 72 72 72 72 72 72 36 72 72 36 
32 32 32 16 32 16 32 16 32 32 32 32 16 32 32 
32 32 32 32 32 32 32 32 32 32 32 32 16 32 16 
28 28 14 28 28 28 28 28 28 28 28 28 28 28 14 
44 44 44 44 44 44 22 22 44 44 44 44 44 44 44 
52 52 52 52 26 52 26 52 52 26 52 26 52 52 26 
28 28 28 14 28 28 28 28 28 28 28 28 14 28 28 
600 600 600 600 600 600 600 600 600 600 600 600 600 600 600 
600 600 600 600 600 600 600 600 600 600 600 600 600 600 600 600 600 600 600 600 600 600 600 600 600 600 600 600 600 600 600 600 600 600 600 600 600 600 600 600 600 600 600 600 600 600 600 600 600 600 600 600 600 600 600 600 600 600 600 600 600 600 600 600 600 600 600 600 600 600 600 600 600 600 600 600 600 600 600 600 600 600 600 600 600 600 600 600 600 600 600 600 600 600 600 600 600 600 600 600 600 600 600 600 600 600 600 600 600 600 600 600 600 600 600 600 600 600 600 600 600 600 600 600 600 600 600 600 600 600 600 600 600 600 600 600 600 600 600 600 600 600 600 600 600 600 600 600 600 600 600 600 600 600 600 600 600 600 600 600 600 600 600 600 600 600 600 600 600 600 600 600 600 600 600 600 600 600 600 600 600 600 600 600 600 600 600 600 600 600 600 600 600 600 600 600 600 600 600 600 1 1 1 1 1 1 1 1 1 1 1 1 1 1 1 1 1 1 1 1 1 1 1 1 1 1 1 1 1 1 1 1 1 1 1 1 1 1 1 1 1 1 1 1 1 1 1 1 1 1 1 1 1 1 1 1 1 1 1 1 1 1 1 1 1 1 1 1 1 1 1 1 1 1 1 1 1 1 1 1 1 1 1 1 1 1 1 1 1 1 1 1 1 1 1 1 1 1 1 1 1 1 1 1 1 1 1 1 1 1 1 1 1 1 1 1 1 1 1 1 1 1 1 1 1 1 1 1 1 1 1 1 1 1 1 1 1 1 1 1 1 1 1 1 1 1 1 1 1 1 1 1 1 1 1 1 1 1 1 1 1 1 1 1 1 1 1 1 1 1 1 1 1 1 1 1 1 1 1 1 1 1 1 1 1 1 1 1 1 1 1 1 1 1 1 1 1 1 1 1 