200
15
45 99 99 133 133 133 97 72 44 27 72 8 86 136 27 65 105 27 77 87 135 34 72 49 76 133 56 65 34 118 52 65 99 105 87 27 86 112 44 27 112 20 45 133 65 72 45 86 49 137 118 76 27 135 84 27 20 56 133 56 97 112 135 76 65 49 135 76 111 122 34 136 77 8 111 56 45 135 40 87 8 77 27 137 20 87 65 129 86 56 87 27 76 65 76 56 20 27 27 105 49 88 133 133 118 122 105 111 27 112 97 111 129 136 105 118 72 56 87 56 27 52 56 86 49 8 118 84 135 40 20 88 129 44 40 136 56 76 87 133 137 44 86 44 27 65 118 52 122 87 44 118 76 122 40 52 56 135 112 65 84 27 40 86 76 135 105 65 135 97 27 118 135 87 122 56 27 52 52 136 77 65 52 8 20 34 27 65 97 129 49 40 99 52 65 65 52 97 77 76 
18 18 18 18 18 18 18 18 18 18 18 18 18 18 18 
36 36 18 18 36 36 36 18 36 36 36 36 36 36 36 
40 20 20 40 40 20 40 40 40 40 40 40 40 40 40 
28 28 28 28 28 28 14 28 28 14 14 28 14 28 14 
20 20 20 20 10 20 10 20 20 20 10 10 20 20 20 
44 44 44 44 44 22 44 44 44 44 44 44 44 22 44 
40 20 40 40 40 40 40 40 20 40 40 40 40 20 40 
60 99999 24 48 99999 99999 24 99999 60 36 36 36 48 36 36 
30 12 99999 12 99999 30 30 24 18 99999 12 18 18 24 99999 
28 28 14 14 28 28 28 28 28 28 28 28 14 28 14 
99999 24 18 12 18 18 12 12 99999 18 24 99999 99999 99999 99999 
64 64 64 32 64 64 64 64 64 32 64 64 32 64 64 
28 14 28 28 28 28 28 28 28 28 28 28 14 28 28 
36 18 36 36 36 36 36 18 18 36 36 36 36 36 36 
16 32 32 32 32 16 32 32 32 32 32 16 32 32 16 
64 64 64 32 64 32 32 64 32 64 64 64 64 64 64 
36 36 36 36 18 36 36 36 36 18 36 36 18 36 36 
28 28 14 14 28 28 28 28 14 28 14 14 14 28 14 
24 99999 99999 36 60 99999 99999 48 99999 60 48 99999 99999 36 36 
24 36 48 48 99999 36 24 99999 24 99999 99999 24 99999 48 99999 
40 40 40 20 40 20 40 20 40 40 40 40 40 40 40 
72 72 72 72 36 72 72 72 72 36 72 72 72 36 72 
24 24 24 24 24 24 12 24 24 24 24 24 24 24 12 
14 28 28 28 28 14 28 28 28 28 14 28 28 28 14 
92 46 46 92 92 92 92 92 92 46 92 46 92 46 46 
40 40 40 40 40 40 40 40 20 40 40 40 20 40 40 
64 64 64 64 64 64 64 64 64 32 64 64 64 32 64 
12 18 12 12 99999 18 18 99999 99999 12 99999 24 12 12 24 
84 84 42 84 84 84 84 84 84 84 84 42 42 84 84 
99999 16 16 32 99999 99999 16 24 99999 99999 99999 24 99999 24 40 
36 99999 36 99999 24 36 60 99999 24 99999 99999 60 36 24 99999 
24 12 24 12 24 24 24 24 12 24 24 24 24 24 24 
28 28 14 28 28 28 28 28 14 28 14 28 14 28 28 
99999 24 99999 99999 12 99999 12 99999 12 18 18 24 99999 24 18 
52 52 26 52 52 52 52 52 52 52 52 52 52 52 52 
99999 99999 16 99999 32 99999 40 99999 16 99999 99999 99999 40 16 99999 
24 48 48 48 48 48 48 48 48 24 48 24 48 24 48 
60 30 60 60 60 60 30 60 60 30 60 30 60 30 60 
28 14 28 28 14 28 14 28 28 28 28 28 14 28 28 
40 40 20 40 20 20 20 40 40 40 20 40 40 40 40 
24 24 24 24 24 12 12 24 24 24 24 12 24 24 24 
36 18 36 36 36 36 36 36 36 36 18 36 18 36 36 
36 48 36 60 99999 99999 24 99999 24 99999 60 60 60 99999 99999 
24 24 24 24 24 24 12 12 24 12 24 12 24 24 24 
84 42 84 84 42 42 84 84 42 42 84 84 84 84 84 
76 76 76 76 38 76 76 76 76 76 76 76 38 76 76 
40 20 40 40 40 40 40 40 40 40 40 40 40 40 20 
99999 24 99999 48 24 60 36 36 36 36 24 24 36 36 99999 
60 60 60 60 60 60 60 60 60 60 30 60 30 60 60 
14 28 28 28 28 28 28 28 28 28 28 28 28 28 28 
64 32 64 64 64 32 64 64 64 64 64 64 64 32 64 
40 40 20 40 20 40 20 40 40 40 40 40 40 40 40 
24 24 24 12 24 24 12 12 12 24 24 24 24 24 24 
36 36 18 36 36 36 36 36 36 36 36 36 36 36 36 
28 28 14 28 28 28 14 14 28 28 14 28 14 14 28 
84 84 84 42 42 84 84 84 84 84 84 84 84 84 84 
28 28 28 28 14 28 28 28 28 28 28 14 14 28 28 
36 18 36 18 36 36 36 36 36 36 36 36 36 36 36 
12 24 24 12 24 24 24 24 24 12 24 24 12 24 12 
99999 48 24 99999 99999 36 99999 24 24 99999 48 99999 99999 99999 99999 
18 36 36 36 36 36 36 18 36 36 18 36 36 36 36 
72 72 72 72 72 72 72 72 72 72 72 72 72 72 36 
36 99999 36 60 24 99999 60 99999 99999 36 24 24 99999 99999 36 
24 24 24 24 24 24 24 24 24 24 24 12 24 24 24 
24 24 24 24 24 24 24 24 24 24 24 24 12 24 24 
36 36 36 36 18 36 36 36 36 36 36 36 36 18 36 
99999 36 99999 36 36 24 24 99999 36 60 24 60 99999 99999 60 
22 44 44 44 44 44 44 44 22 44 44 44 44 44 44 
40 40 20 40 40 40 40 40 40 40 40 40 40 40 40 
64 64 32 32 32 64 64 64 64 64 32 64 64 64 64 
36 36 36 36 36 36 18 36 36 36 36 36 36 36 36 
72 72 72 72 72 72 72 72 36 72 36 72 36 72 72 
40 40 20 40 40 40 20 40 40 40 40 40 40 20 20 
52 52 52 26 52 26 52 52 52 52 52 52 52 52 52 
44 44 22 44 44 44 44 44 22 44 44 44 22 22 44 
36 36 36 36 36 36 36 36 36 36 36 36 36 36 18 
16 32 24 99999 99999 99999 24 99999 32 16 24 16 99999 16 99999 
84 84 84 84 84 84 42 84 84 84 84 84 84 84 84 
48 96 48 48 48 48 96 96 48 96 96 96 96 96 96 
84 42 84 84 84 84 42 84 42 84 84 42 84 84 84 
64 64 32 32 32 64 32 32 32 64 64 64 64 64 64 
72 72 72 36 72 72 36 72 36 72 72 72 72 72 72 
28 28 14 28 28 28 28 28 14 28 28 14 28 28 28 
28 28 28 28 14 28 28 14 28 28 28 28 28 28 28 
20 40 40 40 40 20 20 40 40 20 40 40 40 40 40 
52 52 52 52 52 52 52 52 52 52 52 52 52 26 52 
40 40 40 40 40 20 40 40 40 40 20 40 40 40 40 
52 52 52 52 52 52 52 52 52 52 52 52 52 52 26 
99999 30 99999 18 99999 30 12 12 24 12 99999 99999 99999 99999 99999 
28 28 28 28 14 28 28 28 28 28 28 14 14 28 28 
28 28 28 28 28 28 28 14 28 28 14 28 14 28 28 
44 44 44 44 44 44 44 44 22 22 44 22 44 44 44 
24 24 24 24 12 12 24 12 24 24 24 12 24 24 24 
52 52 52 52 52 52 26 52 26 26 52 52 52 52 52 
40 40 20 40 40 40 20 40 40 40 20 40 20 40 40 
40 20 40 40 40 40 20 40 20 40 40 40 40 40 20 
40 40 40 40 40 20 20 40 40 40 40 40 40 40 40 
20 40 40 40 40 40 40 40 20 40 40 40 40 20 40 
28 28 28 14 28 28 28 14 28 28 28 28 28 14 28 
36 36 36 36 36 36 36 18 36 36 36 36 36 18 36 
52 52 26 52 52 52 52 52 52 26 52 52 52 52 52 
24 48 48 48 24 48 24 24 24 48 48 48 48 48 48 
99999 24 32 99999 32 99999 99999 24 16 16 99999 99999 32 16 16 
28 28 28 28 28 28 28 28 28 28 28 28 14 28 28 
36 36 36 36 36 36 36 36 36 36 36 18 18 36 36 
36 36 36 18 36 36 36 36 36 36 36 36 36 36 36 
20 20 20 20 20 20 20 10 20 10 20 20 20 20 20 
24 24 48 48 48 48 48 48 48 48 48 48 48 48 48 
18 18 18 36 36 18 36 36 36 18 36 36 36 18 36 
99999 18 12 12 12 12 12 99999 18 24 99999 99999 99999 18 99999 
48 48 48 48 48 48 48 24 48 48 48 48 48 48 48 
72 72 36 72 36 72 72 72 72 72 72 72 72 72 72 
24 12 12 24 24 24 24 24 12 24 24 24 24 24 12 
60 99999 60 99999 48 36 99999 48 24 99999 99999 48 24 60 99999 
40 40 40 40 40 40 40 40 40 40 40 20 40 40 40 
60 60 60 60 60 30 30 30 60 60 60 60 30 30 30 
99999 60 60 36 99999 99999 48 24 24 99999 99999 24 60 24 36 
64 64 32 64 64 64 32 64 32 64 64 64 64 64 64 
40 20 40 40 40 40 40 40 20 40 20 40 40 40 40 
24 24 24 12 24 24 24 24 12 24 24 12 24 12 24 
36 36 36 36 36 36 36 36 36 36 36 36 36 36 18 
24 24 99999 24 24 24 99999 36 99999 24 99999 36 24 48 60 
40 40 40 40 40 40 40 40 20 40 40 40 40 40 40 
48 48 48 48 48 96 96 96 96 96 48 96 48 48 96 
36 72 72 36 72 72 36 72 72 72 36 36 72 72 72 
36 72 72 72 72 72 72 72 36 72 72 72 72 72 72 
24 48 48 48 48 48 48 48 48 48 48 48 48 48 48 
40 40 40 20 20 20 40 40 40 40 40 40 40 40 40 
99999 99999 99999 99999 32 99999 16 40 24 16 99999 99999 99999 99999 32 
24 12 24 24 12 24 24 24 24 24 24 24 24 24 24 
12 24 24 12 24 24 24 24 24 24 24 24 24 24 24 
20 10 20 20 20 20 20 20 20 20 20 10 20 10 20 
44 44 44 44 44 22 44 44 44 44 44 44 44 44 44 
44 44 44 44 44 44 44 44 44 44 44 44 44 22 44 
20 40 20 40 40 40 40 40 40 40 40 20 20 40 40 
14 28 28 28 28 28 28 28 14 28 14 28 28 28 28 
99999 24 99999 36 99999 24 24 99999 36 24 99999 24 99999 99999 99999 
99999 32 40 16 40 16 99999 24 16 99999 40 99999 99999 16 99999 
99999 24 99999 32 40 24 99999 40 99999 99999 24 32 40 24 99999 
48 48 48 48 48 48 48 48 48 24 24 48 48 48 24 
30 18 30 12 18 18 30 12 18 12 99999 99999 12 30 99999 
14 28 28 14 28 28 14 28 28 28 28 28 14 28 28 
32 32 32 16 32 32 32 32 32 32 32 32 32 32 32 
48 48 48 48 48 48 48 48 48 48 48 48 48 48 48 
96 96 96 96 96 48 48 96 96 96 96 96 96 96 96 
40 40 40 40 40 20 40 20 40 40 40 40 40 40 40 
40 40 40 20 40 40 40 40 40 40 40 40 40 40 40 
60 60 30 60 30 60 60 60 60 60 60 30 30 60 30 
36 72 72 72 72 72 72 72 72 72 72 72 72 72 72 
64 64 64 64 32 64 64 64 64 32 64 64 64 64 64 
40 40 40 40 40 40 40 40 40 40 40 20 20 40 40 
24 24 24 24 24 24 12 24 24 24 24 24 24 24 24 
52 52 26 52 52 52 26 52 26 26 52 52 52 26 52 
36 24 99999 48 24 36 36 48 36 36 36 24 99999 99999 60 
12 24 12 24 24 24 12 24 24 24 12 24 24 24 24 
28 28 14 28 28 28 28 28 28 28 28 28 28 14 28 
99999 32 99999 16 99999 24 24 24 99999 16 99999 24 24 99999 99999 
99999 99999 24 24 99999 99999 99999 24 24 24 16 24 99999 99999 99999 
84 84 84 84 42 42 84 84 42 42 42 42 84 84 84 
99999 99999 99999 99999 24 99999 99999 60 36 99999 99999 60 99999 36 99999 
28 28 28 28 28 14 14 14 28 14 28 28 28 28 28 
36 18 36 36 36 18 36 36 36 18 36 36 36 36 36 
28 14 28 28 14 14 28 28 28 28 28 14 28 28 28 
52 52 52 52 52 52 52 52 52 52 52 26 52 26 26 
16 16 24 24 99999 99999 16 40 16 16 24 24 40 99999 32 
92 92 46 92 92 92 92 92 92 92 46 92 92 92 92 
14 28 28 14 14 28 28 28 28 28 28 28 28 28 14 
72 72 72 72 72 72 72 72 72 36 72 72 72 72 36 
48 48 48 24 48 48 48 48 24 24 48 48 48 48 24 
48 48 48 48 48 48 48 48 48 48 24 48 48 48 48 
28 28 14 28 28 28 28 28 14 28 28 28 28 28 28 
84 42 84 84 42 84 42 42 84 84 84 42 42 84 42 
99999 99999 24 99999 24 60 48 36 36 24 24 99999 36 99999 60 
40 40 40 40 40 40 40 40 40 40 40 40 40 40 40 
38 76 76 38 76 76 38 76 38 76 76 38 76 76 76 
14 14 14 28 14 28 14 14 28 14 28 28 14 28 28 
14 28 28 14 28 28 28 14 28 28 28 28 28 28 28 
12 12 24 12 24 24 24 24 24 24 24 24 12 24 24 
28 28 14 28 28 14 14 28 28 28 28 28 28 28 28 
99999 99999 99999 60 24 60 36 36 36 99999 99999 99999 36 99999 99999 
26 52 52 26 52 26 26 26 52 52 52 52 26 52 52 
64 64 64 64 64 32 64 64 32 64 64 64 64 32 32 
92 92 92 46 92 46 92 92 92 92 92 92 46 92 46 
48 24 99999 48 48 48 99999 99999 99999 60 99999 99999 48 60 36 
28 28 14 28 28 28 28 28 28 28 28 28 28 28 28 
60 60 60 60 60 60 30 60 60 60 60 60 60 60 60 
36 72 72 72 36 72 72 72 72 72 72 72 72 72 72 
24 99999 36 99999 48 36 99999 24 99999 60 60 24 99999 24 36 
72 72 36 72 72 72 36 36 72 72 72 72 72 36 36 
72 72 36 72 72 72 72 72 72 72 36 36 72 72 72 
96 96 96 48 96 96 96 96 96 96 48 48 96 48 96 
48 48 24 48 48 48 48 48 48 48 48 48 48 48 48 
12 24 24 24 24 12 24 12 24 24 12 24 24 24 24 
40 20 40 40 40 40 40 40 40 40 40 40 40 40 40 
24 16 32 99999 24 99999 99999 99999 16 40 24 99999 24 16 99999 
36 36 18 36 36 36 36 18 36 36 36 36 18 36 18 
52 52 26 52 52 26 52 52 52 52 52 52 52 26 52 
20 20 20 20 20 20 20 20 20 10 10 20 20 20 20 
52 52 26 52 52 52 26 52 52 52 52 52 26 52 26 
24 24 24 24 24 24 12 24 24 24 24 12 12 24 24 
18 36 36 18 18 36 18 36 36 36 36 36 18 36 36 
600 600 600 600 600 600 600 600 600 600 600 600 600 600 600 
600 600 600 600 600 600 600 600 600 600 600 600 600 600 600 600 600 600 600 600 600 600 600 600 600 600 600 600 600 600 600 600 600 600 600 600 600 600 600 600 600 600 600 600 600 600 600 600 600 600 600 600 600 600 600 600 600 600 600 600 600 600 600 600 600 600 600 600 600 600 600 600 600 600 600 600 600 600 600 600 600 600 600 600 600 600 600 600 600 600 600 600 600 600 600 600 600 600 600 600 600 600 600 600 600 600 600 600 600 600 600 600 600 600 600 600 600 600 600 600 600 600 600 600 600 600 600 600 600 600 600 600 600 600 600 600 600 600 600 600 600 600 600 600 600 600 600 600 600 600 600 600 600 600 600 600 600 600 600 600 600 600 600 600 600 600 600 600 600 600 600 600 600 600 600 600 600 600 600 600 600 600 600 600 600 600 600 600 600 600 600 600 600 600 600 600 600 600 600 600 1 1 1 1 1 1 1 1 1 1 1 1 1 1 1 1 1 1 1 1 1 1 1 1 1 1 1 1 1 1 1 1 1 1 1 1 1 1 1 1 1 1 1 1 1 1 1 1 1 1 1 1 1 1 1 1 1 1 1 1 1 1 1 1 1 1 1 1 1 1 1 1 1 1 1 1 1 1 1 1 1 1 1 1 1 1 1 1 1 1 1 1 1 1 1 1 1 1 1 1 1 1 1 1 1 1 1 1 1 1 1 1 1 1 1 1 1 1 1 1 1 1 1 1 1 1 1 1 1 1 1 1 1 1 1 1 1 1 1 1 1 1 1 1 1 1 1 1 1 1 1 1 1 1 1 1 1 1 1 1 1 1 1 1 1 1 1 1 1 1 1 1 1 1 1 1 1 1 1 1 1 1 1 1 1 1 1 1 1 1 1 1 1 1 1 1 1 1 1 1 