200
15
141 83 94 44 26 43 3 44 24 72 68 52 44 6 83 17 83 44 41 39 72 78 29 26 46 50 3 141 38 72 83 6 24 26 26 28 26 17 44 26 50 18 68 6 126 44 24 78 6 38 26 26 29 26 98 29 38 26 39 44 30 29 29 72 98 72 141 44 24 26 39 44 3 18 126 118 26 26 28 72 29 78 46 3 46 28 83 26 78 72 141 72 94 26 26 46 83 141 46 83 72 68 39 17 72 43 43 44 38 30 29 72 118 29 141 68 10 24 43 83 72 3 28 39 94 17 10 83 72 52 39 24 44 46 26 24 68 94 83 24 38 52 68 118 83 44 18 72 6 38 41 98 78 26 28 29 83 52 26 6 24 68 24 98 24 24 46 29 78 94 10 26 141 78 83 39 141 44 72 52 10 43 68 18 26 26 39 126 46 26 126 24 17 18 28 50 83 68 3 98 
14 14 14 14 14 14 14 14 14 14 14 14 14 14 14 
44 88 88 88 88 88 88 44 88 88 44 88 88 44 88 
30 60 60 60 30 60 60 60 30 60 60 60 60 30 60 
60 60 60 60 60 30 60 60 60 60 60 60 30 60 60 
36 36 36 36 36 36 36 18 36 36 36 36 36 36 18 
76 76 38 76 38 76 76 76 76 76 76 76 76 76 76 
40 40 20 40 40 40 20 40 40 40 20 40 40 20 40 
40 40 40 20 40 40 40 40 40 20 40 40 40 40 40 
56 56 56 56 56 28 28 56 56 56 56 56 56 28 56 
99999 48 99999 60 24 60 99999 24 36 99999 99999 99999 36 36 99999 
14 28 28 14 28 28 28 28 28 28 28 14 28 28 28 
12 12 12 12 12 12 12 12 12 12 12 12 12 12 12 
32 32 32 32 32 32 32 32 32 32 32 32 32 32 32 
40 40 40 40 40 40 40 20 40 40 40 20 20 40 40 
76 76 76 76 76 76 76 76 76 38 76 76 76 76 76 
52 52 52 52 52 52 26 52 52 52 52 52 52 52 52 
36 36 36 18 36 36 36 36 36 36 18 36 18 36 36 
80 80 80 40 80 80 80 40 80 80 80 80 40 80 40 
24 24 24 12 12 24 24 24 24 24 24 24 24 24 24 
28 28 28 28 28 28 28 28 28 28 28 14 14 28 28 
32 16 32 32 32 32 32 32 32 32 32 16 16 32 32 
24 99999 99999 99999 24 16 40 16 24 99999 32 99999 24 99999 24 
36 36 18 36 36 36 36 36 36 36 36 36 36 36 36 
40 40 40 40 20 20 40 40 20 40 40 40 40 40 40 
40 80 80 80 80 80 80 80 40 80 80 40 80 80 40 
32 32 32 32 32 16 32 32 16 16 32 32 16 32 32 
16 32 16 16 32 32 32 32 32 32 32 32 32 32 32 
40 40 80 80 80 80 80 80 80 80 80 80 80 80 40 
36 36 18 36 36 36 36 36 36 18 36 36 36 18 36 
12 6 12 12 6 12 12 12 12 12 12 6 12 12 12 
80 80 80 80 40 40 80 80 40 80 80 40 80 80 80 
20 40 40 40 40 40 20 40 40 40 20 20 40 40 40 
28 28 28 14 28 28 28 28 28 28 14 28 28 28 28 
28 28 28 14 28 28 28 14 28 28 28 28 28 14 28 
39 26 39 26 52 39 99999 99999 99999 39 99999 99999 39 99999 26 
22 44 44 44 44 44 44 44 44 44 44 44 44 44 44 
28 28 28 28 14 14 28 28 28 28 28 28 28 28 28 
24 24 24 12 24 12 24 24 12 24 24 24 24 24 24 
24 24 12 24 24 24 24 12 24 24 24 12 12 24 24 
32 32 32 16 32 32 32 16 32 32 32 32 32 32 32 
28 28 14 28 28 14 28 28 28 28 28 14 14 28 28 
36 36 36 36 36 36 36 36 36 36 36 36 36 36 36 
32 32 32 16 16 32 32 32 32 16 32 32 32 32 32 
12 12 12 12 12 12 12 12 12 6 12 6 12 12 12 
56 28 56 28 56 28 28 56 56 56 56 28 56 56 56 
36 36 36 36 36 36 36 36 18 36 36 36 18 36 36 
76 76 38 76 76 76 76 76 76 76 76 76 38 38 76 
36 36 36 36 36 36 36 36 36 36 36 36 36 36 36 
21 14 14 35 99999 21 14 14 99999 99999 21 99999 99999 21 21 
28 14 14 28 28 28 28 28 28 28 28 28 28 28 14 
20 40 20 40 20 40 40 40 40 40 40 20 40 40 40 
12 12 12 6 12 12 12 12 12 6 12 12 12 12 12 
40 40 40 40 40 40 40 40 20 40 20 40 40 40 40 
14 28 28 14 14 28 28 28 28 28 14 14 28 28 28 
56 56 28 56 56 56 56 56 28 56 56 56 56 56 56 
36 36 36 18 36 36 36 36 36 36 36 36 36 36 36 
44 88 88 88 88 88 44 88 88 44 88 88 88 44 88 
28 28 28 28 28 28 28 28 28 28 28 14 28 28 28 
56 56 56 56 56 56 56 56 56 28 56 28 56 56 56 
20 40 20 40 20 20 40 40 40 40 40 40 40 40 20 
36 36 36 18 36 36 36 36 36 36 36 18 36 36 18 
60 60 60 60 60 60 60 60 30 60 30 60 60 60 60 
24 24 24 24 24 24 12 24 24 24 24 24 12 24 24 
60 60 30 60 60 30 60 60 60 60 60 60 60 60 60 
48 48 48 24 48 24 48 48 48 24 48 24 24 48 48 
28 28 28 28 14 28 28 28 28 28 28 28 14 28 28 
36 36 36 36 36 36 36 18 36 36 36 36 36 36 36 
99999 99999 36 99999 36 24 48 99999 99999 99999 24 24 24 36 99999 
80 80 80 80 40 80 80 80 40 80 80 80 80 80 80 
48 48 24 48 24 48 48 24 24 24 48 48 48 48 48 
35 14 28 28 99999 14 99999 28 35 21 99999 99999 35 35 99999 
32 32 32 16 32 16 32 32 16 16 32 32 32 32 32 
14 14 28 28 28 28 28 14 28 14 28 28 28 28 28 
80 80 80 80 40 80 80 80 80 80 80 80 80 80 80 
32 32 32 32 16 32 32 16 32 32 32 32 32 32 32 
14 99999 14 21 99999 28 99999 99999 99999 14 28 35 14 28 99999 
40 80 80 80 80 80 80 80 40 80 80 80 80 40 80 
12 12 12 12 12 12 12 6 12 12 12 12 12 12 6 
44 44 44 44 44 22 44 22 44 44 22 44 44 22 44 
40 40 40 40 20 40 20 40 40 40 40 20 40 40 40 
18 36 36 18 36 36 36 36 36 18 36 36 18 36 36 
99999 21 99999 21 21 28 14 99999 99999 35 14 21 35 99999 21 
80 80 80 80 80 80 80 80 80 80 40 80 80 80 80 
16 32 32 32 16 32 16 32 32 32 32 32 32 32 16 
44 22 44 44 44 44 22 44 44 44 44 44 22 44 44 
40 20 40 20 20 40 20 40 40 20 40 40 20 40 40 
99999 32 16 16 16 99999 24 24 24 16 99999 24 99999 99999 32 
36 36 18 36 36 36 36 18 36 36 36 36 36 36 36 
76 76 76 76 76 76 76 38 76 76 76 76 38 76 76 
24 24 24 24 12 24 24 24 24 24 24 24 24 12 24 
60 60 60 60 60 60 60 60 60 60 30 60 30 30 60 
40 40 40 20 20 40 20 40 40 40 40 20 40 40 40 
40 40 80 80 80 40 80 80 80 80 80 80 80 40 40 
12 24 24 12 12 24 24 24 12 24 24 24 12 24 24 
28 28 28 28 28 14 28 28 28 28 28 28 14 28 28 
56 56 28 56 56 56 56 56 56 56 56 56 56 28 56 
40 40 40 20 20 20 40 20 40 20 20 20 40 40 40 
40 40 20 40 20 40 20 40 40 40 40 40 40 40 40 
24 99999 99999 16 16 99999 99999 99999 99999 32 99999 24 32 24 24 
56 56 28 56 28 56 28 28 56 56 56 56 56 56 56 
33 33 22 55 99999 99999 99999 22 99999 55 22 22 22 99999 22 
32 32 32 16 32 32 32 32 32 32 32 32 32 32 32 
88 44 88 88 44 88 88 44 88 88 88 88 88 88 88 
60 60 60 60 60 60 60 30 60 60 60 60 60 60 60 
28 28 99999 28 35 99999 99999 28 14 99999 99999 21 14 14 99999 
60 60 60 60 60 60 60 60 60 60 30 60 60 60 60 
56 56 56 28 56 56 56 56 56 56 56 28 56 28 56 
32 32 16 16 32 32 32 16 32 16 32 32 32 32 32 
32 32 32 16 32 32 32 32 16 32 32 16 32 32 32 
28 28 28 28 28 28 28 28 28 14 28 28 14 28 28 
44 99999 33 33 44 22 22 22 99999 22 22 99999 22 99999 22 
44 44 44 44 44 22 44 44 44 44 44 22 44 44 44 
24 48 48 48 24 48 48 48 48 48 48 48 48 48 48 
60 60 60 60 60 60 60 60 60 60 60 30 30 60 60 
36 36 36 36 36 36 18 36 36 36 36 36 36 18 36 
76 76 76 38 76 76 76 38 76 76 76 38 38 76 76 
24 24 12 24 12 24 24 24 24 24 12 24 24 24 24 
56 56 56 56 56 56 56 56 56 56 56 56 56 56 56 
28 28 28 28 14 28 28 28 28 28 28 14 28 28 14 
36 36 18 36 36 36 36 36 36 36 36 36 36 36 36 
48 24 48 48 48 24 48 48 48 48 48 48 48 48 48 
44 44 22 44 22 44 44 44 44 22 44 44 44 44 44 
60 60 60 60 60 60 60 60 60 60 60 30 30 60 60 
12 12 12 12 12 12 12 12 12 12 12 12 12 12 12 
60 60 60 60 60 60 30 60 60 60 30 60 60 60 60 
24 16 99999 16 40 16 40 99999 32 24 32 24 40 16 99999 
24 24 24 24 24 24 12 24 24 12 24 24 24 24 24 
32 32 32 32 32 32 16 32 32 16 16 32 32 32 32 
16 32 32 32 32 32 32 32 32 32 32 16 32 32 16 
76 76 76 76 38 76 76 76 76 76 38 76 76 76 38 
36 36 36 36 36 18 36 36 36 36 36 36 36 18 36 
39 52 26 65 99999 99999 99999 26 99999 99999 99999 99999 39 39 65 
14 35 14 99999 14 21 28 35 14 99999 14 99999 21 14 99999 
40 40 20 40 40 40 20 40 40 20 40 40 20 40 40 
28 14 28 28 28 28 14 28 28 28 28 28 14 28 28 
28 28 28 28 28 28 28 28 28 28 28 28 28 28 14 
56 28 28 56 56 56 56 56 56 28 56 56 56 56 56 
24 24 24 24 24 24 24 12 24 24 24 24 24 12 12 
12 6 12 12 12 12 12 12 12 6 12 12 12 6 12 
52 26 26 39 39 52 65 65 99999 52 39 39 65 26 99999 
44 22 44 44 44 44 44 44 44 44 44 44 44 44 44 
32 32 32 40 99999 99999 16 99999 40 32 32 16 99999 40 16 
60 60 60 60 60 60 60 60 30 60 60 30 60 30 60 
36 99999 36 36 99999 99999 99999 99999 24 99999 99999 99999 99999 48 99999 
28 28 28 28 28 28 28 28 28 28 28 28 14 28 28 
16 16 99999 16 99999 40 24 99999 32 16 99999 40 24 40 16 
12 12 12 6 12 12 12 12 12 12 6 12 12 12 12 
40 40 40 40 40 20 40 40 40 40 40 40 20 40 40 
40 40 40 40 40 40 40 40 20 20 40 40 40 40 20 
16 32 32 32 32 16 16 32 32 32 32 16 16 32 32 
80 40 80 40 80 40 80 40 40 80 80 80 40 40 80 
56 56 56 56 28 56 56 56 56 56 56 56 56 56 56 
40 40 40 40 40 40 40 40 40 40 20 40 20 40 20 
28 56 56 56 28 56 56 56 56 56 56 56 56 56 56 
35 99999 14 99999 28 21 99999 21 99999 99999 21 21 28 21 99999 
33 99999 33 99999 44 44 99999 99999 99999 22 44 99999 33 33 99999 
99999 35 99999 14 21 99999 14 99999 99999 35 99999 28 99999 21 99999 
40 40 40 40 40 40 20 20 40 40 20 40 20 40 40 
60 30 60 60 60 60 60 60 60 60 60 60 60 60 60 
52 26 52 26 52 52 26 52 52 52 52 52 52 26 26 
99999 99999 99999 24 99999 99999 16 24 24 24 32 99999 16 99999 99999 
76 76 76 76 76 76 76 38 76 76 76 76 38 76 76 
33 22 33 33 44 44 55 22 55 99999 99999 22 22 33 99999 
6 12 12 12 6 12 12 6 12 12 12 12 6 12 12 
44 44 44 44 44 22 44 44 44 22 44 44 44 44 44 
56 56 56 56 56 56 56 56 56 56 56 28 56 56 56 
56 56 56 28 56 56 56 56 56 28 56 56 56 56 56 
28 28 28 28 14 28 28 14 14 28 28 28 28 28 28 
44 44 44 44 44 44 44 22 44 44 22 22 44 44 44 
40 40 20 40 40 40 40 40 20 40 40 40 40 20 40 
52 52 52 52 52 52 52 52 26 52 52 52 52 52 26 
33 22 99999 99999 55 55 22 33 99999 22 99999 99999 33 33 55 
26 52 26 52 26 52 52 52 52 52 52 26 26 52 52 
16 32 32 32 32 32 32 16 16 32 32 32 16 16 32 
38 76 76 76 76 76 76 38 76 76 76 76 76 38 38 
26 52 52 52 52 52 26 52 52 52 52 52 52 52 26 
40 40 20 40 40 40 40 20 40 40 40 40 40 40 40 
60 99999 99999 24 99999 36 99999 36 24 60 24 99999 99999 99999 60 
80 40 40 80 40 40 80 80 80 80 80 80 40 80 40 
44 22 44 22 22 44 44 44 44 44 44 44 44 22 44 
56 56 56 56 56 56 28 56 56 56 56 56 28 56 56 
99999 32 40 40 99999 99999 40 40 16 99999 16 32 99999 99999 16 
30 60 30 30 60 30 60 60 30 60 60 30 60 60 60 
40 40 40 20 40 40 40 40 20 40 40 20 40 40 40 
56 56 56 56 56 28 56 28 56 56 56 56 56 56 28 
40 40 20 40 40 40 40 40 40 40 40 40 40 40 40 
21 28 99999 14 14 21 14 21 99999 14 21 99999 28 99999 14 
32 16 32 32 32 32 32 32 16 32 16 32 32 32 32 
56 28 56 56 56 28 56 56 56 56 56 28 28 56 56 
44 22 44 44 44 44 44 44 44 44 44 44 44 44 22 
28 28 14 28 28 28 28 28 14 28 28 28 28 14 28 
28 28 28 28 14 28 28 28 28 28 28 28 14 28 14 
32 32 32 32 16 32 32 32 32 32 16 32 32 32 32 
16 32 32 32 32 16 16 32 32 32 32 32 16 32 16 
32 32 32 32 32 32 32 32 32 32 32 16 32 32 16 
60 60 60 30 60 30 60 30 60 60 60 60 30 60 60 
12 12 12 12 12 12 12 12 12 12 12 12 6 12 6 
36 36 18 36 36 36 36 36 36 36 36 36 36 36 18 
28 28 28 28 28 28 14 14 28 28 28 28 28 28 28 
60 60 60 60 30 60 30 60 60 30 60 30 60 60 30 
36 36 36 18 36 36 36 36 36 36 36 36 18 36 36 
600 600 600 600 600 600 600 600 600 600 600 600 600 600 600 
600 600 600 600 600 600 600 600 600 600 600 600 600 600 600 600 600 600 600 600 600 600 600 600 600 600 600 600 600 600 600 600 600 600 600 600 600 600 600 600 600 600 600 600 600 600 600 600 600 600 600 600 600 600 600 600 600 600 600 600 600 600 600 600 600 600 600 600 600 600 600 600 600 600 600 600 600 600 600 600 600 600 600 600 600 600 600 600 600 600 600 600 600 600 600 600 600 600 600 600 600 600 600 600 600 600 600 600 600 600 600 600 600 600 600 600 600 600 600 600 600 600 600 600 600 600 600 600 600 600 600 600 600 600 600 600 600 600 600 600 600 600 600 600 600 600 600 600 600 600 600 600 600 600 600 600 600 600 600 600 600 600 600 600 600 600 600 600 600 600 600 600 600 600 600 600 600 600 600 600 600 600 600 600 600 600 600 600 600 600 600 600 600 600 600 600 600 600 600 600 1 1 1 1 1 1 1 1 1 1 1 1 1 1 1 1 1 1 1 1 1 1 1 1 1 1 1 1 1 1 1 1 1 1 1 1 1 1 1 1 1 1 1 1 1 1 1 1 1 1 1 1 1 1 1 1 1 1 1 1 1 1 1 1 1 1 1 1 1 1 1 1 1 1 1 1 1 1 1 1 1 1 1 1 1 1 1 1 1 1 1 1 1 1 1 1 1 1 1 1 1 1 1 1 1 1 1 1 1 1 1 1 1 1 1 1 1 1 1 1 1 1 1 1 1 1 1 1 1 1 1 1 1 1 1 1 1 1 1 1 1 1 1 1 1 1 1 1 1 1 1 1 1 1 1 1 1 1 1 1 1 1 1 1 1 1 1 1 1 1 1 1 1 1 1 1 1 1 1 1 1 1 1 1 1 1 1 1 1 1 1 1 1 1 1 1 1 1 1 1 