200
15
101 36 36 59 59 59 140 131 113 136 131 123 73 4 81 88 17 136 83 77 38 26 131 68 67 59 62 88 26 16 106 88 36 17 77 136 73 82 113 81 82 52 101 59 87 131 101 73 68 102 16 67 136 11 84 81 52 62 59 64 140 82 38 67 88 68 38 67 30 80 26 4 83 123 30 64 101 38 114 77 123 83 81 102 52 77 88 121 73 62 77 136 67 87 67 62 52 28 81 17 68 142 59 59 16 80 17 30 81 82 140 30 121 4 17 16 131 62 77 64 28 106 62 73 68 123 16 84 38 114 52 142 121 113 114 4 62 67 77 59 102 113 73 113 136 87 16 106 80 77 113 16 67 80 114 106 62 38 82 87 84 28 114 73 67 38 17 87 11 140 136 16 38 77 80 62 28 106 106 4 83 88 106 123 52 26 28 88 140 121 68 114 36 106 87 87 106 140 83 67 
15 15 15 15 15 15 15 15 15 15 15 15 15 15 15 
32 32 16 16 32 32 32 16 32 32 32 32 32 32 32 
36 18 18 36 36 18 36 36 36 36 36 36 36 36 36 
44 44 44 44 44 44 22 44 44 22 22 44 22 44 22 
28 28 28 28 14 28 14 28 28 28 14 14 28 28 28 
40 40 40 40 40 20 40 40 40 40 40 40 40 20 40 
28 14 28 28 28 28 28 28 14 28 28 28 28 14 28 
55 99999 22 44 99999 99999 22 99999 55 33 33 33 44 33 33 
30 12 99999 12 99999 30 30 24 18 99999 12 18 18 24 99999 
20 20 10 10 20 20 20 20 20 20 20 20 10 20 10 
99999 24 18 12 18 18 12 12 99999 18 24 99999 99999 99999 99999 
32 32 32 16 32 32 32 32 32 16 32 32 16 32 32 
32 16 32 32 32 32 32 32 32 32 32 32 16 32 32 
84 42 84 84 84 84 84 42 42 84 84 84 84 84 84 
12 24 24 24 24 12 24 24 24 24 24 12 24 24 12 
32 32 32 16 32 16 16 32 16 32 32 32 32 32 32 
16 16 16 16 8 16 16 16 16 8 16 16 8 16 16 
20 20 10 10 20 20 20 20 10 20 10 10 10 20 10 
18 99999 99999 27 45 99999 99999 36 99999 45 36 99999 99999 27 27 
22 33 44 44 99999 33 22 99999 22 99999 99999 22 99999 44 99999 
36 36 36 18 36 18 36 18 36 36 36 36 36 36 36 
16 16 16 16 8 16 16 16 16 8 16 16 16 8 16 
24 24 24 24 24 24 12 24 24 24 24 24 24 24 12 
14 28 28 28 28 14 28 28 28 28 14 28 28 28 14 
20 10 10 20 20 20 20 20 20 10 20 10 20 10 10 
44 44 44 44 44 44 44 44 22 44 44 44 22 44 44 
32 32 32 32 32 32 32 32 32 16 32 32 32 16 32 
12 18 12 12 99999 18 18 99999 99999 12 99999 24 12 12 24 
52 52 26 52 52 52 52 52 52 52 52 26 26 52 52 
99999 16 16 32 99999 99999 16 24 99999 99999 99999 24 99999 24 40 
27 99999 27 99999 18 27 45 99999 18 99999 99999 45 27 18 99999 
72 36 72 36 72 72 72 72 36 72 72 72 72 72 72 
36 36 18 36 36 36 36 36 18 36 18 36 18 36 36 
99999 24 99999 99999 12 99999 12 99999 12 18 18 24 99999 24 18 
40 40 20 40 40 40 40 40 40 40 40 40 40 40 40 
99999 99999 20 99999 40 99999 50 99999 20 99999 99999 99999 50 20 99999 
18 36 36 36 36 36 36 36 36 18 36 18 36 18 36 
24 12 24 24 24 24 12 24 24 12 24 12 24 12 24 
28 14 28 28 14 28 14 28 28 28 28 28 14 28 28 
32 32 16 32 16 16 16 32 32 32 16 32 32 32 32 
72 72 72 72 72 36 36 72 72 72 72 36 72 72 72 
84 42 84 84 84 84 84 84 84 84 42 84 42 84 84 
33 44 33 55 99999 99999 22 99999 22 99999 55 55 55 99999 99999 
72 72 72 72 72 72 36 36 72 36 72 36 72 72 72 
52 26 52 52 26 26 52 52 26 26 52 52 52 52 52 
16 16 16 16 8 16 16 16 16 16 16 16 8 16 16 
36 18 36 36 36 36 36 36 36 36 36 36 36 36 18 
99999 22 99999 44 22 55 33 33 33 33 22 22 33 33 99999 
24 24 24 24 24 24 24 24 24 24 12 24 12 24 24 
22 44 44 44 44 44 44 44 44 44 44 44 44 44 44 
32 16 32 32 32 16 32 32 32 32 32 32 32 16 32 
60 60 30 60 30 60 30 60 60 60 60 60 60 60 60 
72 72 72 36 72 72 36 36 36 72 72 72 72 72 72 
84 84 42 84 84 84 84 84 84 84 84 84 84 84 84 
44 44 22 44 44 44 22 22 44 44 22 44 22 22 44 
52 52 52 26 26 52 52 52 52 52 52 52 52 52 52 
28 28 28 28 14 28 28 28 28 28 28 14 14 28 28 
32 16 32 16 32 32 32 32 32 32 32 32 32 32 32 
20 40 40 20 40 40 40 40 40 20 40 40 20 40 20 
99999 44 22 99999 99999 33 99999 22 22 99999 44 99999 99999 99999 99999 
42 84 84 84 84 84 84 42 84 84 42 84 84 84 84 
16 16 16 16 16 16 16 16 16 16 16 16 16 16 8 
27 99999 27 45 18 99999 45 99999 99999 27 18 18 99999 99999 27 
40 40 40 40 40 40 40 40 40 40 40 20 40 40 40 
72 72 72 72 72 72 72 72 72 72 72 72 36 72 72 
16 16 16 16 8 16 16 16 16 16 16 16 16 8 16 
99999 33 99999 33 33 22 22 99999 33 55 22 55 99999 99999 55 
20 40 40 40 40 40 40 40 20 40 40 40 40 40 40 
28 28 14 28 28 28 28 28 28 28 28 28 28 28 28 
32 32 16 16 16 32 32 32 32 32 16 32 32 32 32 
16 16 16 16 16 16 8 16 16 16 16 16 16 16 16 
16 16 16 16 16 16 16 16 8 16 8 16 8 16 16 
28 28 14 28 28 28 14 28 28 28 28 28 28 14 14 
40 40 40 20 40 20 40 40 40 40 40 40 40 40 40 
40 40 20 40 40 40 40 40 20 40 40 40 20 20 40 
84 84 84 84 84 84 84 84 84 84 84 84 84 84 42 
16 32 24 99999 99999 99999 24 99999 32 16 24 16 99999 16 99999 
52 52 52 52 52 52 26 52 52 52 52 52 52 52 52 
30 60 30 30 30 30 60 60 30 60 60 60 60 60 60 
52 26 52 52 52 52 26 52 26 52 52 26 52 52 52 
32 32 16 16 16 32 16 16 16 32 32 32 32 32 32 
16 16 16 8 16 16 8 16 8 16 16 16 16 16 16 
20 20 10 20 20 20 20 20 10 20 20 10 20 20 20 
36 36 36 36 18 36 36 18 36 36 36 36 36 36 36 
16 32 32 32 32 16 16 32 32 16 32 32 32 32 32 
52 52 52 52 52 52 52 52 52 52 52 52 52 26 52 
32 32 32 32 32 16 32 32 32 32 16 32 32 32 32 
52 52 52 52 52 52 52 52 52 52 52 52 52 52 26 
99999 30 99999 18 99999 30 12 12 24 12 99999 99999 99999 99999 99999 
20 20 20 20 10 20 20 20 20 20 20 10 10 20 20 
32 32 32 32 32 32 32 16 32 32 16 32 16 32 32 
40 40 40 40 40 40 40 40 20 20 40 20 40 40 40 
24 24 24 24 12 12 24 12 24 24 24 12 24 24 24 
52 52 52 52 52 52 26 52 26 26 52 52 52 52 52 
44 44 22 44 44 44 22 44 44 44 22 44 22 44 44 
32 16 32 32 32 32 16 32 16 32 32 32 32 32 16 
60 60 60 60 60 30 30 60 60 60 60 60 60 60 60 
14 28 28 28 28 28 28 28 14 28 28 28 28 14 28 
32 32 32 16 32 32 32 16 32 32 32 32 32 16 32 
16 16 16 16 16 16 16 8 16 16 16 16 16 8 16 
40 40 20 40 40 40 40 40 40 20 40 40 40 40 40 
24 48 48 48 24 48 24 24 24 48 48 48 48 48 48 
99999 24 32 99999 32 99999 99999 24 16 16 99999 99999 32 16 16 
32 32 32 32 32 32 32 32 32 32 32 32 16 32 32 
84 84 84 84 84 84 84 84 84 84 84 42 42 84 84 
84 84 84 42 84 84 84 84 84 84 84 84 84 84 84 
28 28 28 28 28 28 28 14 28 14 28 28 28 28 28 
18 18 36 36 36 36 36 36 36 36 36 36 36 36 36 
42 42 42 84 84 42 84 84 84 42 84 84 84 42 84 
99999 18 12 12 12 12 12 99999 18 24 99999 99999 99999 18 99999 
36 36 36 36 36 36 36 18 36 36 36 36 36 36 36 
16 16 8 16 8 16 16 16 16 16 16 16 16 16 16 
40 20 20 40 40 40 40 40 20 40 40 40 40 40 20 
55 99999 55 99999 44 33 99999 44 22 99999 99999 44 22 55 99999 
28 28 28 28 28 28 28 28 28 28 28 14 28 28 28 
24 24 24 24 24 12 12 12 24 24 24 24 12 12 12 
99999 45 45 27 99999 99999 36 18 18 99999 99999 18 45 18 27 
32 32 16 32 32 32 16 32 16 32 32 32 32 32 32 
28 14 28 28 28 28 28 28 14 28 14 28 28 28 28 
72 72 72 36 72 72 72 72 36 72 72 36 72 36 72 
84 84 84 84 84 84 84 84 84 84 84 84 84 84 42 
18 18 99999 18 18 18 99999 27 99999 18 99999 27 18 36 45 
28 28 28 28 28 28 28 28 14 28 28 28 28 28 28 
30 30 30 30 30 60 60 60 60 60 30 60 30 30 60 
8 16 16 8 16 16 8 16 16 16 8 8 16 16 16 
8 16 16 16 16 16 16 16 8 16 16 16 16 16 16 
24 48 48 48 48 48 48 48 48 48 48 48 48 48 48 
36 36 36 18 18 18 36 36 36 36 36 36 36 36 36 
99999 99999 99999 99999 40 99999 20 50 30 20 99999 99999 99999 99999 40 
72 36 72 72 36 72 72 72 72 72 72 72 72 72 72 
12 24 24 12 24 24 24 24 24 24 24 24 24 24 24 
28 14 28 28 28 28 28 28 28 28 28 14 28 14 28 
40 40 40 40 40 20 40 40 40 40 40 40 40 40 40 
40 40 40 40 40 40 40 40 40 40 40 40 40 20 40 
30 60 30 60 60 60 60 60 60 60 60 30 30 60 60 
16 32 32 32 32 32 32 32 16 32 16 32 32 32 32 
99999 18 99999 27 99999 18 18 99999 27 18 99999 18 99999 99999 99999 
99999 32 40 16 40 16 99999 24 16 99999 40 99999 99999 16 99999 
99999 30 99999 40 50 30 99999 50 99999 99999 30 40 50 30 99999 
36 36 36 36 36 36 36 36 36 18 18 36 36 36 18 
30 18 30 12 18 18 30 12 18 12 99999 99999 12 30 99999 
10 20 20 10 20 20 10 20 20 20 20 20 10 20 20 
24 24 24 12 24 24 24 24 24 24 24 24 24 24 24 
48 48 48 48 48 48 48 48 48 48 48 48 48 48 48 
60 60 60 60 60 30 30 60 60 60 60 60 60 60 60 
36 36 36 36 36 18 36 18 36 36 36 36 36 36 36 
32 32 32 16 32 32 32 32 32 32 32 32 32 32 32 
24 24 12 24 12 24 24 24 24 24 24 12 12 24 12 
8 16 16 16 16 16 16 16 16 16 16 16 16 16 16 
32 32 32 32 16 32 32 32 32 16 32 32 32 32 32 
44 44 44 44 44 44 44 44 44 44 44 22 22 44 44 
72 72 72 72 72 72 36 72 72 72 72 72 72 72 72 
52 52 26 52 52 52 26 52 26 26 52 52 52 26 52 
33 22 99999 44 22 33 33 44 33 33 33 22 99999 99999 55 
12 24 12 24 24 24 12 24 24 24 12 24 24 24 24 
28 28 14 28 28 28 28 28 28 28 28 28 28 14 28 
99999 40 99999 20 99999 30 30 30 99999 20 99999 30 30 99999 99999 
99999 99999 24 24 99999 99999 99999 24 24 24 16 24 99999 99999 99999 
52 52 52 52 26 26 52 52 26 26 26 26 52 52 52 
99999 99999 99999 99999 22 99999 99999 55 33 99999 99999 55 99999 33 99999 
36 36 36 36 36 18 18 18 36 18 36 36 36 36 36 
32 16 32 32 32 16 32 32 32 16 32 32 32 32 32 
20 10 20 20 10 10 20 20 20 20 20 10 20 20 20 
52 52 52 52 52 52 52 52 52 52 52 26 52 26 26 
16 16 24 24 99999 99999 16 40 16 16 24 24 40 99999 32 
20 20 10 20 20 20 20 20 20 20 10 20 20 20 20 
16 32 32 16 16 32 32 32 32 32 32 32 32 32 16 
16 16 16 16 16 16 16 16 16 8 16 16 16 16 8 
48 48 48 24 48 48 48 48 24 24 48 48 48 48 24 
36 36 36 36 36 36 36 36 36 36 18 36 36 36 36 
36 36 18 36 36 36 36 36 18 36 36 36 36 36 36 
52 26 52 52 26 52 26 26 52 52 52 26 26 52 26 
99999 99999 22 99999 22 55 44 33 33 22 22 99999 33 99999 55 
60 60 60 60 60 60 60 60 60 60 60 60 60 60 60 
8 16 16 8 16 16 8 16 8 16 16 8 16 16 16 
18 18 18 36 18 36 18 18 36 18 36 36 18 36 36 
16 32 32 16 32 32 32 16 32 32 32 32 32 32 32 
12 12 24 12 24 24 24 24 24 24 24 24 12 24 24 
28 28 14 28 28 14 14 28 28 28 28 28 28 28 28 
99999 99999 99999 55 22 55 33 33 33 99999 99999 99999 33 99999 99999 
20 40 40 20 40 20 20 20 40 40 40 40 20 40 40 
32 32 32 32 32 16 32 32 16 32 32 32 32 16 16 
20 20 20 10 20 10 20 20 20 20 20 20 10 20 10 
36 18 99999 36 36 36 99999 99999 99999 45 99999 99999 36 45 27 
28 28 14 28 28 28 28 28 28 28 28 28 28 28 28 
24 24 24 24 24 24 12 24 24 24 24 24 24 24 24 
8 16 16 16 8 16 16 16 16 16 16 16 16 16 16 
18 99999 27 99999 36 27 99999 18 99999 45 45 18 99999 18 27 
16 16 8 16 16 16 8 8 16 16 16 16 16 8 8 
16 16 8 16 16 16 16 16 16 16 8 8 16 16 16 
60 60 60 30 60 60 60 60 60 60 30 30 60 30 60 
36 36 18 36 36 36 36 36 36 36 36 36 36 36 36 
20 40 40 40 40 20 40 20 40 40 20 40 40 40 40 
36 18 36 36 36 36 36 36 36 36 36 36 36 36 36 
30 20 40 99999 30 99999 99999 99999 20 50 30 99999 30 20 99999 
16 16 8 16 16 16 16 8 16 16 16 16 8 16 8 
52 52 26 52 52 26 52 52 52 52 52 52 52 26 52 
28 28 28 28 28 28 28 28 28 14 14 28 28 28 28 
52 52 26 52 52 52 26 52 52 52 52 52 26 52 26 
72 72 72 72 72 72 36 72 72 72 72 36 36 72 72 
8 16 16 8 8 16 8 16 16 16 16 16 8 16 16 
600 600 600 600 600 600 600 600 600 600 600 600 600 600 600 
600 600 600 600 600 600 600 600 600 600 600 600 600 600 600 600 600 600 600 600 600 600 600 600 600 600 600 600 600 600 600 600 600 600 600 600 600 600 600 600 600 600 600 600 600 600 600 600 600 600 600 600 600 600 600 600 600 600 600 600 600 600 600 600 600 600 600 600 600 600 600 600 600 600 600 600 600 600 600 600 600 600 600 600 600 600 600 600 600 600 600 600 600 600 600 600 600 600 600 600 600 600 600 600 600 600 600 600 600 600 600 600 600 600 600 600 600 600 600 600 600 600 600 600 600 600 600 600 600 600 600 600 600 600 600 600 600 600 600 600 600 600 600 600 600 600 600 600 600 600 600 600 600 600 600 600 600 600 600 600 600 600 600 600 600 600 600 600 600 600 600 600 600 600 600 600 600 600 600 600 600 600 600 600 600 600 600 600 600 600 600 600 600 600 600 600 600 600 600 600 1 1 1 1 1 1 1 1 1 1 1 1 1 1 1 1 1 1 1 1 1 1 1 1 1 1 1 1 1 1 1 1 1 1 1 1 1 1 1 1 1 1 1 1 1 1 1 1 1 1 1 1 1 1 1 1 1 1 1 1 1 1 1 1 1 1 1 1 1 1 1 1 1 1 1 1 1 1 1 1 1 1 1 1 1 1 1 1 1 1 1 1 1 1 1 1 1 1 1 1 1 1 1 1 1 1 1 1 1 1 1 1 1 1 1 1 1 1 1 1 1 1 1 1 1 1 1 1 1 1 1 1 1 1 1 1 1 1 1 1 1 1 1 1 1 1 1 1 1 1 1 1 1 1 1 1 1 1 1 1 1 1 1 1 1 1 1 1 1 1 1 1 1 1 1 1 1 1 1 1 1 1 1 1 1 1 1 1 1 1 1 1 1 1 1 1 1 1 1 1 