250
20
79 118 14 44 14 79 4 106 63 6 92 136 92 48 126 44 32 141 79 22 4 83 124 79 132 78 118 136 136 119 44 126 38 62 63 28 79 79 126 41 19 79 48 44 62 92 103 141 63 6 28 19 44 44 141 14 22 136 136 27 38 92 6 6 124 27 14 38 48 79 44 6 118 28 132 119 41 4 141 63 62 75 48 132 41 44 106 27 14 106 74 6 27 126 28 136 55 22 55 132 74 74 92 78 62 38 75 48 6 44 83 126 75 72 72 6 126 74 19 79 97 126 126 118 103 19 115 97 132 118 74 38 115 136 6 119 136 63 119 63 4 19 132 75 119 75 27 62 72 126 19 27 4 132 141 72 115 63 19 106 126 63 83 79 19 92 126 6 32 19 62 4 126 6 28 38 92 6 78 38 48 48 118 124 38 41 28 6 118 44 97 44 63 32 19 22 74 63 136 55 22 79 72 55 74 83 118 4 126 6 126 38 132 106 19 6 83 63 97 78 115 126 32 136 78 38 83 74 32 103 55 92 55 6 27 79 28 72 141 83 141 27 41 118 72 78 14 22 6 124 
14 14 14 14 14 14 14 14 14 14 14 14 14 14 14 14 14 14 14 14 
32 16 32 16 32 32 32 32 32 32 32 32 16 32 32 32 32 32 16 32 
20 40 20 40 40 20 20 40 40 40 40 20 40 20 20 20 20 40 40 40 
35 21 21 14 14 35 21 28 28 14 21 21 35 14 99999 21 21 21 21 28 
28 28 28 14 28 14 14 28 28 28 14 28 28 14 14 28 14 28 28 28 
52 26 52 26 52 52 26 52 52 52 52 52 52 26 52 52 52 52 26 52 
32 32 32 32 32 32 32 32 32 32 32 32 32 32 32 32 16 16 16 32 
21 35 21 21 35 21 21 21 14 28 21 21 14 21 99999 14 21 21 35 28 
16 32 32 32 32 32 16 32 32 16 16 32 32 16 32 32 16 32 16 16 
36 18 36 18 18 36 36 18 18 36 36 36 18 36 36 36 36 36 18 36 
20 20 10 20 20 20 20 20 10 20 20 20 20 20 10 20 20 20 20 20 
88 44 88 88 88 88 44 88 44 88 88 44 88 88 88 88 44 44 44 44 
55 44 22 22 55 33 99999 22 99999 99999 22 55 22 55 33 44 22 33 22 99999 
18 36 36 36 36 36 18 36 36 36 36 36 18 18 36 36 36 36 36 18 
99999 44 44 22 33 22 33 22 22 99999 33 55 55 33 22 33 33 33 55 22 
16 32 32 16 32 32 16 16 32 32 32 32 32 16 32 32 32 32 32 32 
44 22 33 33 22 55 55 55 33 55 44 99999 22 22 22 99999 44 44 22 33 
16 32 16 32 32 16 32 16 32 16 32 32 32 32 16 32 32 32 32 16 
88 88 88 88 44 88 88 88 88 88 88 44 44 44 88 88 88 88 88 88 
40 40 40 40 20 20 40 40 40 40 20 40 20 20 40 40 40 40 20 40 
22 44 22 22 22 22 44 44 44 44 44 44 44 22 22 44 44 22 44 22 
24 48 48 48 24 48 48 24 48 24 24 48 48 48 48 24 48 24 48 48 
36 36 18 18 36 18 18 18 18 36 36 36 36 18 36 36 36 36 36 18 
14 28 28 28 28 28 28 14 28 14 28 14 28 28 28 28 28 28 28 28 
32 16 32 16 16 32 16 16 16 16 32 32 32 16 16 16 32 32 16 32 
36 36 18 36 36 18 36 18 36 36 36 36 36 36 18 18 36 36 36 36 
22 44 44 44 44 44 44 44 44 22 22 22 44 44 44 22 44 44 44 44 
36 36 36 18 36 36 36 18 36 36 18 36 36 36 36 36 36 36 18 18 
44 44 22 44 22 44 44 44 44 44 44 44 44 44 22 22 44 44 44 22 
21 14 14 21 35 99999 99999 21 21 14 14 21 21 21 21 35 21 14 14 99999 
44 44 44 22 44 44 22 44 44 22 44 44 44 44 44 44 22 22 44 44 
24 16 16 24 32 32 16 24 16 99999 99999 99999 16 32 24 99999 16 99999 99999 40 
32 32 32 16 32 32 32 16 16 32 32 32 32 16 32 32 16 16 32 16 
36 36 36 36 18 18 18 36 36 36 36 36 36 18 36 36 36 36 18 36 
21 28 28 14 14 28 21 35 99999 35 14 21 21 35 14 21 35 21 14 28 
36 18 36 36 18 36 36 36 36 36 18 18 36 36 36 18 36 36 36 36 
88 44 88 88 88 44 44 88 44 88 88 88 88 88 88 88 88 88 88 44 
22 22 22 22 22 44 44 22 44 22 22 44 44 44 44 22 44 44 44 44 
64 64 64 64 64 64 32 64 32 64 64 64 64 64 32 64 64 64 32 32 
40 20 40 40 40 20 40 40 20 20 20 40 40 40 20 40 40 40 40 40 
24 12 24 12 24 24 12 12 24 12 24 24 24 24 24 24 24 12 24 24 
52 52 52 26 52 52 52 52 26 52 26 26 26 52 26 52 52 52 52 52 
28 28 28 28 28 28 14 28 28 28 14 28 14 28 28 28 14 14 28 28 
44 44 44 22 44 44 44 44 44 44 44 44 44 44 44 22 44 44 22 44 
36 36 36 18 36 18 18 36 18 36 18 36 18 36 36 36 36 36 36 18 
48 48 48 48 48 48 48 48 24 48 48 48 48 48 48 24 24 48 48 48 
16 32 32 32 16 32 32 32 32 32 32 32 16 32 32 32 32 32 32 32 
28 14 21 21 99999 99999 14 14 35 35 35 99999 14 99999 21 14 21 14 21 14 
28 28 28 28 28 28 28 14 28 28 28 28 28 14 28 28 28 28 14 28 
28 28 14 14 14 14 14 28 28 28 28 28 14 28 28 28 14 28 28 14 
32 32 32 16 16 16 32 16 16 32 16 32 16 16 32 32 32 16 16 32 
28 14 28 14 14 14 28 14 28 28 28 28 14 28 28 28 28 28 28 28 
36 36 36 36 36 36 36 36 36 36 36 36 36 36 18 36 36 18 36 36 
22 44 22 22 44 44 44 44 22 44 44 44 22 44 22 44 44 44 22 44 
24 48 48 48 48 48 48 48 48 48 48 24 24 24 24 48 48 24 48 48 
16 32 16 32 32 16 32 32 32 32 16 32 16 32 32 32 16 16 32 16 
16 32 32 16 32 32 32 16 32 16 32 16 16 32 32 32 32 32 32 32 
24 48 48 48 24 48 48 24 48 48 48 24 48 48 48 48 48 48 48 48 
36 18 18 36 18 18 36 36 36 36 36 36 36 36 36 18 36 18 36 36 
88 88 88 88 88 88 88 88 88 88 88 44 88 88 44 88 44 88 44 44 
48 24 48 24 48 48 24 48 48 48 24 48 24 48 48 48 24 48 48 24 
40 20 40 40 40 20 40 40 40 20 20 40 40 20 40 40 20 20 20 20 
32 24 24 24 99999 32 16 32 24 24 16 24 40 24 16 32 40 99999 99999 16 
64 64 32 64 64 32 64 64 32 64 64 32 32 64 64 32 64 64 64 64 
36 18 18 36 36 36 18 36 36 36 36 18 18 36 36 36 18 36 18 36 
52 26 26 52 26 52 52 52 52 26 52 52 52 26 26 26 52 52 52 52 
21 28 28 28 21 14 21 21 21 28 21 99999 14 21 28 21 28 21 28 14 
36 36 36 36 36 36 36 36 36 36 18 36 18 36 36 36 36 36 36 36 
48 48 48 48 48 48 48 48 48 48 24 48 48 24 48 24 48 24 48 48 
88 88 88 88 88 44 88 88 88 44 88 88 88 88 88 88 88 88 44 88 
32 32 16 32 32 32 32 16 32 16 32 16 16 16 32 32 16 32 32 16 
48 48 48 48 24 48 24 48 48 48 24 24 48 48 48 24 48 48 48 24 
99999 99999 55 33 22 55 44 44 55 22 99999 33 22 99999 33 55 22 33 22 33 
24 24 48 48 24 48 48 24 24 24 48 24 24 48 48 24 48 24 48 48 
14 28 28 14 28 28 28 28 28 28 28 28 28 14 28 14 28 28 14 14 
20 20 20 20 20 20 20 20 20 20 20 20 20 20 20 20 10 10 10 20 
24 24 48 48 48 48 48 48 24 48 48 48 24 48 48 24 48 48 48 48 
36 36 18 36 36 36 18 18 36 36 36 36 18 18 36 36 36 36 36 36 
52 26 52 52 26 52 52 52 52 26 26 52 52 52 52 52 52 52 26 52 
36 36 36 18 36 36 36 36 36 36 36 18 36 18 36 36 36 18 36 36 
20 20 20 20 40 40 40 40 40 40 40 20 40 20 40 40 40 20 40 40 
44 88 88 88 88 44 44 44 44 88 88 88 88 88 88 88 88 88 88 88 
16 32 32 32 32 16 32 32 32 32 32 32 32 32 32 32 32 32 16 32 
14 14 28 28 28 28 14 28 14 28 28 28 28 28 14 28 28 28 28 28 
14 14 14 28 28 28 28 28 28 28 28 28 14 14 28 28 28 28 14 14 
52 52 52 52 26 52 52 52 52 26 52 52 26 52 52 26 26 52 52 52 
16 32 32 32 16 16 16 16 16 16 32 32 32 32 16 16 16 32 32 32 
88 88 44 88 44 88 88 88 44 88 44 88 44 44 88 44 88 88 88 44 
24 48 24 48 48 24 24 24 48 24 48 48 48 48 24 48 48 48 24 24 
32 32 32 32 32 32 32 32 32 32 32 32 16 32 32 32 32 16 32 32 
22 55 55 33 99999 33 55 55 99999 22 55 33 33 33 55 99999 99999 44 44 44 
48 48 24 48 24 48 48 48 48 48 24 48 48 48 48 48 48 48 48 48 
52 26 26 52 52 52 52 26 52 26 52 52 52 52 52 52 52 26 52 52 
35 21 21 28 14 35 35 35 35 14 14 21 99999 21 21 21 21 35 21 28 
18 18 18 36 36 36 36 36 36 18 18 36 36 36 36 36 36 36 36 36 
24 48 48 48 48 48 48 24 48 48 48 48 24 48 24 24 48 48 48 24 
14 14 28 14 14 14 28 14 14 14 14 14 28 28 28 14 28 28 28 14 
64 64 64 32 32 64 64 64 64 32 64 64 64 32 64 64 32 32 32 64 
18 18 36 18 36 36 36 36 18 36 36 36 36 36 18 36 36 18 36 18 
48 48 48 48 48 24 48 48 24 48 48 48 24 48 48 24 48 48 24 24 
55 44 22 99999 33 33 44 99999 99999 44 99999 99999 22 55 99999 33 22 99999 33 33 
64 64 64 64 64 64 32 64 64 64 64 64 64 64 64 64 32 64 32 64 
44 22 22 22 22 44 44 44 22 44 44 44 44 44 44 22 44 44 44 44 
36 18 18 18 36 18 36 36 36 36 36 36 18 36 18 36 36 18 36 36 
99999 35 28 28 14 35 35 35 14 35 21 14 21 21 99999 21 35 28 14 14 
44 44 44 44 44 22 44 22 44 44 22 44 44 44 22 44 44 44 22 44 
36 36 18 18 36 36 18 36 36 36 36 36 18 18 36 36 36 36 36 36 
22 22 22 22 22 44 44 44 44 44 22 44 44 44 22 44 44 44 22 22 
33 22 22 22 22 22 33 33 22 44 44 22 99999 33 33 55 33 44 44 44 
36 18 36 18 36 36 36 36 36 36 18 36 18 18 18 18 18 36 18 36 
48 24 24 48 48 48 48 48 24 24 48 24 48 48 48 24 48 48 48 48 
88 88 88 88 88 88 88 88 88 88 88 88 88 88 88 88 88 88 88 88 
99999 33 44 55 99999 22 22 99999 33 22 99999 99999 33 44 33 44 99999 33 55 22 
88 88 44 88 88 88 88 88 44 88 88 44 88 44 88 88 88 88 88 88 
36 36 36 36 36 36 18 36 36 36 36 18 36 18 36 36 18 36 36 36 
16 16 32 32 32 32 32 32 32 32 32 16 32 16 16 32 16 32 32 32 
18 18 36 18 36 36 18 18 18 36 36 36 36 36 36 36 36 36 18 36 
88 88 44 88 88 88 44 88 88 88 44 88 88 88 88 88 88 88 88 88 
36 36 36 36 36 36 36 36 36 18 36 36 18 36 36 36 36 18 36 36 
24 48 48 24 48 48 48 48 48 48 48 48 24 24 48 48 48 24 48 48 
32 16 16 16 16 32 32 32 32 16 16 32 32 32 16 32 32 32 32 32 
24 24 99999 99999 32 24 32 99999 24 32 16 24 32 40 16 32 24 24 16 16 
36 18 36 36 18 36 36 36 36 36 18 18 18 36 36 18 18 36 36 18 
21 21 35 21 99999 99999 99999 99999 14 21 14 99999 21 14 14 14 28 28 21 14 
14 21 28 21 21 99999 21 21 99999 21 28 21 21 14 21 14 14 21 21 21 
40 20 40 40 40 20 40 20 20 20 40 40 40 20 20 40 40 40 20 20 
40 40 40 40 40 40 40 40 40 40 20 40 20 20 40 20 40 40 20 40 
16 32 32 16 32 16 32 16 32 32 16 32 32 16 32 32 32 32 32 32 
44 44 44 22 44 44 44 22 22 44 22 22 44 44 44 44 44 44 44 44 
48 48 48 24 48 48 48 24 48 48 48 48 48 48 48 48 48 24 48 24 
18 36 18 36 18 36 18 36 36 18 18 36 36 36 36 18 36 18 18 18 
88 88 88 88 44 88 44 44 88 88 88 44 88 88 44 88 88 44 88 88 
28 28 14 28 28 14 28 28 14 14 14 28 14 28 28 14 14 28 28 28 
22 22 44 44 22 44 44 22 44 44 22 44 44 44 44 44 44 44 44 44 
40 16 16 24 32 16 40 24 99999 24 40 99999 16 32 24 32 24 99999 24 40 
22 44 44 22 44 44 44 44 44 22 22 44 44 22 22 44 22 44 22 44 
18 36 36 36 18 18 18 36 18 18 36 18 36 36 18 18 36 36 18 36 
20 40 40 40 20 40 40 40 20 20 40 40 40 40 40 20 40 40 20 40 
48 48 48 48 24 48 24 24 24 24 48 48 48 48 24 48 48 48 24 48 
24 24 24 48 24 24 48 48 24 48 48 24 48 48 48 24 24 48 48 24 
16 32 32 32 32 32 32 32 16 16 32 16 16 32 32 32 16 16 16 16 
52 52 26 52 52 26 26 52 26 26 26 52 26 52 52 52 52 52 26 52 
44 88 44 88 88 88 88 88 44 88 88 88 88 44 88 44 88 88 88 44 
36 36 36 36 36 36 36 36 36 36 18 36 18 18 36 18 18 36 18 18 
36 36 36 36 36 36 18 36 18 36 36 36 36 18 36 36 36 36 18 18 
44 22 44 44 44 44 44 44 44 44 44 44 44 44 44 22 22 44 44 22 
44 22 22 22 55 55 22 33 33 33 99999 33 44 33 33 33 55 99999 99999 44 
16 99999 24 24 16 40 32 16 32 40 40 99999 99999 24 40 16 99999 16 16 16 
44 44 44 88 88 44 88 88 44 44 88 88 88 88 88 88 88 44 88 44 
28 14 28 28 28 14 14 28 14 14 28 28 28 28 28 28 28 14 28 28 
24 24 40 40 24 40 24 24 24 40 24 24 16 24 32 99999 40 24 99999 24 
16 32 32 32 32 32 32 32 16 16 16 16 32 32 32 16 32 32 32 32 
28 14 28 14 28 28 14 28 28 28 28 28 28 14 28 28 28 28 28 28 
44 44 44 44 44 44 44 44 44 44 22 44 22 22 22 44 22 44 44 44 
36 36 36 36 18 36 18 36 36 36 36 36 18 36 36 36 18 36 18 36 
24 16 40 32 40 40 16 99999 16 16 99999 40 16 16 40 24 99999 16 24 40 
99999 22 44 22 33 55 99999 33 22 22 33 55 22 33 33 33 22 99999 33 22 
52 52 52 52 52 52 26 52 52 52 52 52 26 52 52 52 52 52 52 52 
44 44 22 22 22 22 44 44 22 44 44 44 44 44 44 22 44 22 22 44 
32 32 16 16 32 16 32 32 16 32 16 32 16 16 32 32 32 32 32 32 
48 24 24 48 48 24 48 24 48 48 48 24 48 48 48 48 24 24 24 48 
99999 16 16 99999 32 16 40 32 99999 16 32 16 16 99999 24 32 16 16 16 32 
44 44 44 44 44 44 44 44 44 44 44 44 22 22 44 44 44 22 44 44 
18 18 36 18 36 36 36 36 36 36 36 18 36 36 36 36 36 36 36 36 
32 32 32 32 32 32 32 32 32 32 32 16 16 32 16 32 32 32 16 32 
12 12 24 24 12 24 24 24 12 24 24 24 24 24 24 24 12 24 12 12 
18 36 36 36 18 36 36 36 36 36 36 18 18 18 18 36 18 36 36 36 
28 28 28 28 14 28 28 28 28 28 28 28 28 28 28 28 28 28 28 14 
18 18 36 18 18 18 36 36 36 18 36 36 18 18 18 36 36 36 18 36 
28 28 28 28 28 28 28 14 28 14 28 28 28 14 28 14 28 28 14 14 
48 48 48 24 48 48 24 48 48 24 48 48 48 48 48 48 48 48 48 48 
32 64 64 64 64 64 32 64 64 64 64 32 32 64 32 64 64 32 64 32 
44 44 44 44 22 44 44 22 44 44 44 22 44 22 44 22 44 44 22 22 
32 16 32 32 32 16 32 32 32 32 32 32 32 32 32 32 16 32 32 32 
36 36 36 36 36 18 36 36 36 18 36 36 36 18 36 36 36 36 18 36 
36 18 36 36 18 36 36 18 18 36 36 18 36 36 36 36 36 36 36 36 
48 48 48 48 24 48 24 48 48 24 48 48 24 24 48 24 48 48 48 48 
24 24 24 24 24 24 24 12 24 24 12 24 24 24 24 24 24 12 24 24 
88 88 88 88 88 88 44 44 44 44 88 88 88 88 44 88 88 88 88 44 
20 40 20 40 40 40 40 20 40 40 40 40 40 20 40 40 40 40 40 40 
88 44 88 44 88 88 88 88 88 44 44 44 88 88 88 44 88 88 88 88 
32 32 32 16 32 32 32 32 32 16 32 32 16 16 32 16 32 32 32 32 
20 40 40 40 20 40 40 40 40 40 20 40 20 40 40 20 40 20 20 40 
14 28 14 28 28 14 14 14 28 28 28 28 28 14 28 14 28 28 28 28 
16 32 32 32 16 32 16 32 16 32 16 32 32 32 32 32 32 32 32 32 
36 18 36 18 36 36 36 36 36 36 36 36 18 36 18 36 36 36 18 18 
44 22 44 22 22 22 44 44 44 22 44 22 44 44 22 44 22 44 44 44 
20 20 20 20 20 20 20 10 20 20 10 20 10 10 20 20 20 10 10 20 
48 48 24 48 48 48 24 24 48 24 24 48 48 24 48 48 48 48 48 48 
22 22 22 44 44 22 44 44 44 22 22 44 44 44 44 22 22 44 44 44 
18 36 18 36 36 36 36 36 36 36 36 36 36 36 36 36 36 36 36 18 
28 28 99999 21 99999 21 21 14 99999 21 14 14 14 21 99999 14 35 35 14 21 
10 10 20 20 20 20 20 20 10 20 20 20 10 20 20 10 20 20 20 20 
64 32 32 32 64 64 64 64 64 64 32 64 64 32 32 32 64 64 64 64 
88 88 88 88 88 44 88 44 44 88 88 88 44 88 88 88 88 44 88 88 
22 99999 44 22 22 22 33 33 33 44 33 55 55 44 22 33 22 22 99999 33 
36 36 36 18 18 36 36 36 18 18 36 36 36 36 36 36 36 36 18 36 
10 20 20 20 20 10 20 10 20 10 10 20 10 20 10 10 20 10 20 20 
48 48 48 48 48 48 48 24 48 24 24 48 24 48 48 24 48 48 48 24 
88 88 88 44 88 88 88 44 44 88 88 44 44 88 88 44 88 88 44 88 
40 20 40 40 40 40 40 40 40 20 40 40 40 20 40 40 40 40 20 20 
24 40 16 24 40 24 40 16 24 24 99999 40 40 99999 99999 24 32 99999 32 40 
16 32 32 32 32 32 32 32 32 32 32 32 32 16 16 32 32 32 32 32 
28 28 28 14 28 28 28 28 28 28 14 28 28 28 14 28 14 28 28 28 
48 48 48 48 48 48 48 48 48 48 48 48 48 48 24 48 24 48 48 48 
14 21 21 21 14 14 28 14 14 35 28 28 28 35 14 21 14 21 99999 21 
88 88 88 88 88 88 88 44 88 88 88 88 88 88 44 88 44 44 88 88 
48 24 48 48 24 48 48 48 48 48 48 24 48 24 48 24 48 24 48 48 
88 88 88 44 88 44 88 88 44 88 44 44 44 44 88 88 88 44 44 88 
48 48 48 48 48 48 48 48 48 48 48 48 48 24 48 48 24 48 48 48 
14 28 28 28 14 28 28 28 28 28 28 28 28 28 28 14 28 28 14 14 
32 64 32 64 64 64 32 32 64 64 32 64 64 64 32 64 64 64 64 32 
18 36 18 36 36 36 36 36 36 36 18 36 36 36 36 36 36 36 36 36 
44 44 22 44 44 44 44 44 22 44 44 44 22 44 44 22 44 44 22 44 
36 36 36 18 18 36 36 36 18 36 36 36 36 36 36 36 18 36 36 36 
18 36 36 36 18 36 36 18 18 36 18 36 18 36 36 18 18 18 36 36 
28 14 28 28 14 14 14 28 28 28 28 14 28 28 14 28 14 14 14 28 
14 14 14 14 28 28 14 28 28 28 28 28 14 14 14 28 28 14 28 14 
10 10 20 20 10 20 10 20 20 10 20 20 20 20 20 10 10 10 20 10 
36 36 18 36 36 36 36 36 18 36 36 18 36 36 36 18 36 36 18 36 
48 48 24 48 48 48 24 48 48 48 24 24 48 48 48 24 24 48 48 24 
28 28 14 28 14 14 28 28 28 28 14 14 28 14 14 14 14 28 28 28 
14 99999 14 14 28 21 21 21 35 99999 21 35 21 28 35 35 21 35 14 21 
40 20 40 40 40 20 40 40 40 40 40 40 40 40 40 40 40 40 40 40 
48 48 24 48 48 48 48 48 48 48 48 24 48 48 24 48 24 48 48 48 
16 16 32 32 32 16 32 32 32 32 32 32 16 32 32 16 32 32 16 32 
48 48 48 24 24 48 48 48 48 48 24 48 24 48 24 48 48 48 48 48 
36 18 36 18 36 36 18 18 36 36 36 36 36 36 36 36 36 36 36 18 
64 64 32 64 32 32 32 64 64 32 64 64 64 64 64 32 64 32 64 64 
18 36 36 36 36 36 18 18 36 18 18 18 36 36 36 18 36 18 36 36 
32 16 32 32 32 32 32 32 32 32 32 16 16 32 32 32 32 32 32 16 
48 48 48 48 24 48 24 24 24 48 24 48 24 48 48 24 24 24 48 24 
20 20 20 20 20 20 20 10 20 20 20 20 20 20 10 20 20 20 20 10 
24 12 24 24 12 24 12 24 12 24 24 24 24 24 24 24 12 24 24 24 
16 24 16 24 24 24 16 24 16 40 24 99999 24 16 24 99999 99999 16 24 99999 
28 35 21 99999 99999 14 99999 99999 14 99999 14 99999 21 21 99999 28 14 35 28 21 
48 24 48 24 24 24 48 48 48 24 48 48 48 48 48 48 48 48 48 48 
28 28 28 28 28 28 28 28 28 28 28 28 28 14 28 28 28 28 28 28 
36 18 36 18 36 18 36 36 36 18 36 36 36 36 36 36 36 18 36 36 
28 28 28 14 28 28 28 28 14 28 28 14 28 14 28 14 28 28 14 28 
44 22 44 44 22 22 44 44 44 44 44 22 44 44 22 22 44 22 44 22 
24 12 24 24 24 12 24 24 12 24 24 24 12 24 12 24 24 24 24 24 
16 32 16 32 32 16 16 32 32 32 16 32 16 32 32 16 16 32 32 32 
36 18 18 36 36 18 18 36 18 36 36 36 36 36 36 36 18 36 36 36 
48 48 24 24 48 48 48 48 48 48 48 48 48 48 48 24 48 48 48 24 
64 32 64 64 64 32 64 32 64 64 64 64 64 64 64 64 64 32 64 64 
40 20 40 40 20 40 40 40 20 40 40 40 40 40 20 40 20 40 20 40 
24 99999 32 16 24 24 32 32 40 99999 24 16 24 99999 40 99999 16 24 16 32 
14 21 21 99999 14 21 21 35 14 99999 28 28 99999 14 14 35 14 21 14 35 
16 32 32 32 16 32 32 16 32 32 32 32 32 16 16 32 16 32 32 32 
28 14 14 21 99999 28 28 99999 14 99999 21 14 99999 28 14 99999 35 14 21 99999 
600 600 600 600 600 600 600 600 600 600 600 600 600 600 600 600 600 600 600 600 
600 600 600 600 600 600 600 600 600 600 600 600 600 600 600 600 600 600 600 600 600 600 600 600 600 600 600 600 600 600 600 600 600 600 600 600 600 600 600 600 600 600 600 600 600 600 600 600 600 600 600 600 600 600 600 600 600 600 600 600 600 600 600 600 600 600 600 600 600 600 600 600 600 600 600 600 600 600 600 600 600 600 600 600 600 600 600 600 600 600 600 600 600 600 600 600 600 600 600 600 600 600 600 600 600 600 600 600 600 600 600 600 600 600 600 600 600 600 600 600 600 600 600 600 600 600 600 600 600 600 600 600 600 600 600 600 600 600 600 600 600 600 600 600 600 600 600 600 600 600 600 600 600 600 600 600 600 600 600 600 600 600 600 600 600 600 600 600 600 600 600 600 600 600 600 600 600 600 600 600 600 600 600 600 600 600 600 600 600 600 600 600 600 600 600 600 600 600 600 600 600 600 600 600 600 600 600 600 600 600 600 600 600 600 600 600 600 600 600 600 600 600 600 600 600 600 600 600 600 600 600 600 600 600 600 600 600 600 600 600 600 600 600 600 600 600 600 600 600 600 1 1 1 1 1 1 1 1 1 1 1 1 1 1 1 1 1 1 1 1 1 1 1 1 1 1 1 1 1 1 1 1 1 1 1 1 1 1 1 1 1 1 1 1 1 1 1 1 1 1 1 1 1 1 1 1 1 1 1 1 1 1 1 1 1 1 1 1 1 1 1 1 1 1 1 1 1 1 1 1 1 1 1 1 1 1 1 1 1 1 1 1 1 1 1 1 1 1 1 1 1 1 1 1 1 1 1 1 1 1 1 1 1 1 1 1 1 1 1 1 1 1 1 1 1 1 1 1 1 1 1 1 1 1 1 1 1 1 1 1 1 1 1 1 1 1 1 1 1 1 1 1 1 1 1 1 1 1 1 1 1 1 1 1 1 1 1 1 1 1 1 1 1 1 1 1 1 1 1 1 1 1 1 1 1 1 1 1 1 1 1 1 1 1 1 1 1 1 1 1 1 1 1 1 1 1 1 1 1 1 1 1 1 1 1 1 1 1 1 1 1 1 1 1 1 1 1 1 1 1 1 1 1 1 1 1 1 1 1 1 1 1 1 1 1 1 1 1 1 1 