250
20
12 64 131 87 39 54 4 38 83 117 71 24 19 41 12 4 39 39 13 84 4 41 64 24 83 110 7 130 137 4 2 67 110 39 131 132 64 2 110 137 3 19 119 84 3 24 117 82 71 4 2 87 71 82 64 25 7 39 134 64 38 12 4 3 7 82 82 99 130 13 13 4 38 82 121 121 99 99 83 25 134 38 134 64 25 7 24 3 86 64 2 71 64 110 110 2 110 137 54 2 119 7 87 134 12 67 134 24 4 3 54 42 19 4 64 99 119 7 64 117 87 24 83 110 41 99 83 82 86 82 71 130 42 42 3 54 137 119 71 120 38 54 7 117 82 24 64 134 137 41 131 24 71 121 120 24 25 130 38 99 137 64 83 25 64 110 25 131 99 3 64 67 134 141 83 84 131 87 117 87 12 137 110 141 12 7 71 120 67 120 25 54 71 13 141 134 131 38 120 41 71 99 141 41 41 54 24 41 110 137 64 71 82 39 25 86 13 64 121 54 4 119 131 137 130 86 12 87 41 110 71 64 64 24 84 82 134 86 119 24 42 82 120 130 117 71 42 134 2 86 
13 13 13 13 13 13 13 13 13 13 13 13 13 13 13 13 13 13 13 13 
48 24 24 48 48 24 48 48 48 48 48 48 48 48 48 48 48 48 48 48 
14 14 28 28 28 28 28 28 28 28 28 28 28 14 28 14 14 14 14 28 
28 56 56 56 28 56 28 56 28 56 56 56 56 56 56 56 56 28 56 56 
18 36 36 18 18 36 36 18 36 18 18 18 36 36 36 18 36 36 36 36 
36 36 36 36 18 27 99999 36 99999 27 27 36 27 18 45 27 18 99999 45 36 
72 72 72 72 72 36 72 36 72 72 72 72 72 72 72 72 72 36 72 72 
24 24 24 24 24 24 12 24 24 24 24 24 24 12 24 24 24 12 24 24 
20 20 10 20 20 10 20 20 10 10 20 20 20 20 20 20 20 20 20 20 
14 14 28 14 28 28 14 28 28 28 28 28 28 14 14 28 28 28 28 28 
20 50 50 30 99999 20 20 30 30 99999 40 20 30 30 40 40 40 30 50 20 
24 24 12 12 24 24 24 24 24 24 12 24 12 24 24 12 24 24 12 12 
24 24 48 48 48 24 48 24 48 48 48 48 48 24 48 24 48 48 48 48 
20 50 30 40 99999 99999 30 40 50 20 40 99999 30 30 30 99999 40 50 30 20 
56 56 28 56 56 56 56 56 28 56 56 56 28 56 56 56 56 56 28 56 
30 40 50 30 20 50 50 40 30 99999 50 20 30 30 30 20 99999 99999 99999 30 
36 36 36 18 18 36 18 36 36 36 36 36 18 18 18 36 18 36 36 18 
56 56 56 56 28 56 56 56 56 56 56 56 56 56 56 56 28 56 56 56 
18 18 36 36 36 36 36 36 36 18 18 36 18 18 36 18 36 36 36 36 
18 18 99999 45 27 18 36 27 18 36 18 18 27 27 36 27 27 99999 36 36 
72 36 36 72 36 72 72 72 72 72 72 72 72 36 72 36 36 72 36 36 
56 56 56 56 56 28 28 56 28 56 56 56 56 56 56 56 56 28 56 56 
22 44 44 22 44 44 44 44 44 22 44 44 22 44 22 44 44 22 44 44 
24 24 24 24 24 24 24 12 24 24 24 24 12 24 24 24 24 12 12 12 
48 48 48 48 48 48 48 24 48 48 24 48 24 48 48 24 24 24 48 48 
18 45 45 99999 18 18 18 27 27 45 18 36 27 18 45 99999 27 27 45 36 
84 84 84 84 42 84 84 84 84 84 42 84 42 84 84 42 84 84 84 84 
36 36 36 18 36 36 36 18 36 36 18 36 36 18 18 36 36 36 36 36 
44 44 22 44 44 44 44 22 44 22 22 44 44 22 22 44 22 44 44 44 
36 36 36 18 36 18 36 18 36 36 36 36 36 36 36 18 36 36 36 36 
42 42 84 42 84 42 84 42 84 84 42 84 84 84 42 84 42 42 84 84 
44 22 44 22 44 44 22 22 44 44 22 22 44 44 44 44 44 22 44 22 
12 24 12 24 24 24 24 24 24 24 24 24 24 24 12 24 12 24 24 24 
56 56 56 56 28 28 56 56 28 56 56 56 56 56 56 56 28 56 56 56 
12 12 12 12 24 24 12 12 24 12 24 12 24 24 12 12 24 12 12 24 
18 45 36 27 45 99999 99999 18 18 99999 99999 99999 99999 36 18 27 45 45 27 18 
88 88 88 44 88 88 88 88 44 88 88 88 88 44 88 44 88 88 88 44 
50 20 99999 20 30 50 20 99999 30 30 30 40 30 20 50 20 30 50 50 30 
24 12 24 24 24 12 24 24 24 24 24 24 24 24 24 24 24 12 12 12 
24 24 24 24 24 24 24 24 24 12 12 24 24 24 24 24 24 12 24 24 
24 12 24 24 24 24 12 24 24 12 12 12 12 24 24 12 12 24 24 12 
36 36 36 36 18 18 36 36 36 36 18 36 36 36 36 18 36 36 36 36 
72 72 72 72 72 72 72 36 72 72 72 36 72 72 72 72 72 72 72 36 
18 18 27 36 27 27 36 45 27 18 18 27 27 45 27 45 18 27 18 18 
10 20 20 20 10 20 20 20 20 10 20 10 20 20 20 20 10 10 20 20 
18 45 45 27 45 27 27 18 27 99999 99999 18 18 18 99999 18 36 18 18 36 
20 10 20 20 20 10 20 20 20 20 20 20 10 20 20 10 20 20 20 20 
56 56 56 56 28 56 56 56 56 56 28 56 56 56 28 56 56 56 28 28 
36 36 36 18 36 18 18 36 36 36 36 36 18 36 36 36 18 18 18 36 
27 36 27 45 18 27 99999 36 18 99999 36 27 27 27 99999 36 99999 99999 99999 27 
32 32 32 32 16 32 16 16 32 16 32 16 32 32 32 32 32 32 16 16 
16 24 32 40 24 24 16 24 16 16 24 24 24 99999 16 40 24 16 16 24 
48 48 24 48 24 48 24 48 48 24 48 24 48 24 48 24 48 48 24 24 
84 84 42 84 84 42 42 42 84 84 42 42 42 84 84 84 84 84 42 84 
14 28 28 28 28 28 28 28 28 28 28 28 14 28 28 28 14 28 28 28 
44 44 44 44 44 44 44 44 44 44 44 44 44 44 44 44 44 22 44 44 
56 28 56 28 56 56 56 28 56 56 56 56 28 28 56 56 56 28 56 56 
22 44 44 22 44 44 44 22 44 44 44 44 44 44 44 44 44 22 44 22 
24 12 24 12 24 24 24 24 24 24 24 24 24 12 12 12 12 24 24 12 
14 28 28 14 14 28 14 14 28 28 28 28 14 28 14 14 14 14 28 28 
20 40 40 40 40 20 40 40 40 40 20 40 20 40 40 40 20 20 20 40 
12 12 24 24 24 24 12 24 12 24 24 24 12 12 24 24 24 24 24 24 
36 36 36 36 36 18 36 36 18 18 18 18 36 36 36 18 36 36 36 36 
56 56 56 28 28 56 56 56 28 56 28 56 28 56 56 28 28 28 56 28 
32 32 32 32 32 32 16 32 32 16 16 16 32 32 32 32 32 32 32 32 
18 18 36 36 36 18 18 36 18 36 18 36 36 36 18 18 18 36 18 36 
44 88 88 88 88 44 44 88 88 88 88 88 88 88 88 88 88 44 88 44 
36 18 18 18 18 18 36 36 18 36 36 36 36 36 36 36 36 36 36 36 
18 36 36 36 18 36 18 18 36 18 36 36 36 36 36 36 36 36 18 36 
18 36 18 36 18 36 36 36 36 18 18 36 36 18 18 36 18 36 18 36 
45 18 18 45 27 99999 36 18 18 45 99999 36 99999 99999 36 99999 27 36 18 45 
14 28 14 28 28 14 28 14 28 14 28 28 28 14 28 28 28 14 14 14 
44 88 88 88 88 44 88 88 88 88 88 88 88 88 88 88 44 88 88 88 
32 32 16 32 16 32 32 32 32 32 32 32 32 32 32 32 32 32 32 32 
20 20 10 20 20 20 20 20 20 20 20 10 20 20 20 20 20 20 20 20 
18 36 36 18 36 18 36 18 36 36 36 36 36 36 36 36 36 18 36 36 
56 56 56 56 56 56 56 56 28 56 56 28 56 56 56 28 28 28 56 28 
36 36 36 36 18 36 18 18 36 36 36 18 18 36 36 18 18 36 18 36 
20 40 40 40 40 40 40 20 20 20 40 20 40 40 40 20 40 20 40 40 
28 28 28 28 14 14 28 14 28 28 14 28 28 28 14 28 28 28 14 14 
56 56 56 28 56 56 28 56 28 56 56 56 56 56 28 28 56 56 56 56 
24 24 24 24 24 12 12 24 24 24 12 24 24 24 12 24 24 24 24 24 
30 40 99999 99999 50 50 20 50 30 30 30 20 99999 40 50 20 20 99999 20 20 
36 18 36 18 18 36 36 36 36 36 36 18 18 36 36 18 36 36 18 36 
18 18 18 18 27 45 99999 18 27 36 18 18 18 99999 27 27 18 27 27 27 
22 44 44 22 44 44 44 44 44 44 22 22 44 44 22 44 44 44 44 44 
18 18 18 36 36 36 36 36 36 36 36 36 36 36 36 36 36 18 36 36 
24 24 12 24 24 24 24 24 24 24 24 24 24 12 24 24 12 24 24 12 
32 32 32 32 32 16 32 32 32 32 32 16 32 32 32 16 16 16 16 32 
20 40 40 40 40 40 40 40 40 40 40 20 20 20 40 40 40 20 20 40 
44 44 44 44 44 44 44 44 22 44 22 44 44 44 44 44 44 44 44 22 
28 28 28 14 28 14 28 28 28 14 28 28 28 28 14 28 28 28 28 28 
28 28 28 14 28 28 28 14 14 28 28 14 28 28 28 28 28 14 28 28 
72 72 72 72 72 36 72 36 72 72 72 72 72 36 72 72 72 72 72 72 
40 99999 32 16 32 40 40 32 40 16 24 24 24 24 16 16 16 16 24 16 
40 40 32 16 16 40 16 16 16 24 16 40 40 32 32 99999 24 40 16 40 
28 28 28 28 28 28 14 28 14 28 28 28 28 28 14 28 28 28 28 14 
45 18 27 18 45 18 18 27 18 99999 18 27 36 27 99999 99999 27 27 99999 27 
18 18 27 18 18 18 18 45 27 99999 18 99999 18 99999 18 27 36 18 99999 27 
44 44 22 44 44 44 44 22 44 44 22 44 44 22 44 44 44 44 44 44 
36 18 36 36 18 36 36 36 36 18 36 18 36 18 36 36 36 36 18 18 
18 36 18 18 36 36 27 18 18 18 27 99999 18 36 18 18 99999 18 27 27 
18 18 45 18 18 18 18 18 99999 45 18 18 36 99999 27 27 45 45 27 99999 
20 20 50 30 99999 30 50 50 30 30 99999 99999 50 30 20 30 50 20 30 30 
56 56 56 56 56 56 28 56 56 28 56 56 56 56 28 28 56 28 56 56 
18 18 27 18 18 18 45 99999 99999 36 18 18 27 18 99999 36 18 18 36 18 
40 40 40 40 40 40 40 20 40 40 20 40 40 40 20 40 20 40 40 40 
12 24 24 12 12 24 24 24 24 24 24 24 12 24 24 12 24 24 24 24 
88 44 88 44 88 88 88 88 88 88 44 88 88 88 88 44 44 88 88 88 
36 36 18 36 36 36 18 36 36 18 36 36 36 36 36 18 36 18 18 36 
48 48 24 24 48 48 48 48 24 48 48 24 48 48 24 48 48 48 24 48 
44 44 44 44 44 22 44 44 22 44 44 22 44 44 44 44 22 44 44 44 
36 36 36 18 18 36 36 36 18 36 18 36 18 36 36 36 36 36 36 18 
28 28 14 14 28 28 28 28 28 28 28 14 14 28 28 28 14 14 28 28 
56 56 28 28 56 28 56 56 56 56 56 56 56 56 56 56 56 56 56 28 
12 12 12 12 12 12 12 12 12 6 6 12 6 12 6 12 12 6 6 12 
28 14 28 28 14 28 28 28 28 28 28 28 28 28 28 28 14 28 28 28 
56 56 56 56 28 56 56 28 56 56 28 28 28 56 28 56 56 56 28 28 
32 32 32 32 32 32 32 32 32 32 16 16 32 32 16 32 32 32 32 16 
40 99999 30 20 30 50 20 20 30 99999 30 99999 30 99999 30 50 50 20 99999 40 
80 80 80 80 80 80 40 80 80 40 80 80 80 80 40 80 40 40 80 80 
6 6 6 12 12 12 12 12 12 12 12 6 12 6 6 6 12 6 12 12 
22 44 44 44 44 44 44 44 22 44 44 44 44 44 22 44 44 22 44 44 
28 28 28 28 28 14 28 28 28 14 28 28 14 28 14 28 14 28 28 28 
36 36 72 36 36 72 72 36 36 72 36 72 72 72 72 72 72 36 72 72 
36 36 36 18 36 36 18 36 18 36 36 36 36 36 36 36 36 18 36 36 
88 88 88 44 88 88 88 44 88 88 88 88 88 88 88 44 88 88 44 44 
28 28 28 28 28 28 28 14 28 14 28 28 14 28 28 14 28 28 28 28 
48 24 48 48 24 48 48 48 24 48 24 48 24 48 48 48 48 48 48 24 
44 44 44 22 22 44 44 44 44 44 44 22 44 22 44 22 22 22 44 44 
6 6 12 12 12 12 6 12 6 12 12 12 12 12 12 6 12 12 12 12 
24 48 48 48 48 48 48 48 48 48 24 48 48 24 24 48 48 48 24 48 
56 56 56 56 56 28 56 28 28 56 56 56 28 56 56 28 56 56 56 28 
45 18 18 99999 27 27 18 99999 45 45 27 36 18 36 18 18 18 18 18 18 
44 44 44 44 44 44 22 44 44 44 44 22 44 44 22 44 44 44 44 44 
36 36 36 18 36 36 36 36 18 36 36 36 36 36 36 18 36 36 36 18 
56 28 56 28 28 56 56 56 56 28 56 56 56 56 28 56 28 56 56 56 
40 80 80 80 40 80 80 80 80 80 40 80 40 40 80 80 80 80 80 40 
36 72 72 72 36 72 36 72 72 36 72 72 72 72 72 36 36 36 72 72 
80 80 80 40 40 80 40 40 80 80 40 40 40 80 40 40 80 80 80 80 
84 42 84 84 84 84 84 42 84 84 84 84 42 84 42 42 42 42 84 84 
44 44 44 44 44 22 22 44 44 44 22 22 44 44 44 44 44 44 44 44 
32 32 16 32 32 32 32 16 16 32 32 32 32 32 32 32 16 32 16 32 
12 6 12 12 12 6 12 12 12 12 12 12 12 12 12 6 12 12 12 12 
36 18 36 36 36 36 18 18 18 36 18 18 18 36 36 36 36 18 36 36 
50 30 20 30 40 99999 99999 50 99999 30 40 99999 30 20 20 30 99999 40 30 30 
24 24 24 24 24 48 24 48 48 24 48 48 48 48 24 48 24 48 48 24 
36 36 36 36 36 18 36 36 36 36 36 18 18 18 36 36 18 36 36 36 
84 84 84 84 84 42 42 84 42 42 84 42 84 84 42 84 84 84 84 84 
16 32 16 16 32 16 32 32 32 32 32 32 32 16 16 32 32 32 32 32 
24 24 24 24 12 12 24 24 12 12 24 24 24 24 24 24 24 24 24 24 
28 56 56 28 28 56 28 56 28 28 28 56 56 28 28 28 56 56 56 28 
48 48 48 24 48 24 48 48 24 48 48 48 48 24 24 24 48 24 24 24 
32 32 32 16 32 32 32 32 32 32 32 32 16 32 32 16 32 32 32 16 
88 44 88 88 44 44 88 88 88 44 44 88 88 88 88 44 88 44 88 88 
48 24 48 48 24 48 48 48 24 48 48 48 48 48 48 48 48 48 48 48 
24 24 12 24 12 24 24 12 24 24 12 12 24 12 12 24 12 12 24 24 
48 24 48 48 24 48 48 48 24 24 48 48 48 48 24 48 48 48 24 24 
36 18 36 36 18 36 36 18 36 36 36 18 36 18 36 18 36 18 36 36 
36 36 18 36 36 18 36 18 36 18 36 36 36 18 36 36 36 18 36 36 
24 12 24 12 24 24 12 24 12 24 24 24 12 24 24 12 24 24 24 12 
56 28 56 28 56 28 28 28 56 56 28 56 56 56 56 56 56 56 56 28 
18 99999 27 18 27 99999 18 27 27 36 27 45 18 18 27 45 27 36 27 18 
28 56 56 56 56 56 56 56 56 56 56 56 56 56 56 56 28 56 56 56 
18 36 27 27 99999 45 18 45 99999 27 27 45 45 99999 36 27 18 45 27 18 
40 40 20 20 40 20 40 20 40 20 40 20 40 40 40 40 40 20 40 40 
45 36 18 36 36 99999 18 45 27 27 45 18 18 27 99999 45 36 36 27 18 
27 45 18 18 27 27 36 27 45 45 99999 18 99999 18 99999 18 27 99999 36 27 
18 99999 99999 45 27 27 18 27 18 45 99999 45 27 99999 18 18 27 36 18 18 
48 24 24 48 48 48 48 24 24 48 48 48 24 24 48 48 48 48 48 24 
56 56 56 56 28 56 56 56 28 56 56 56 28 28 56 56 56 56 28 56 
45 99999 18 45 18 99999 45 27 27 36 18 27 27 18 36 27 36 18 27 99999 
36 18 99999 27 18 18 99999 18 45 45 45 27 18 18 18 36 45 36 99999 45 
30 20 20 30 40 20 20 20 50 20 50 20 30 50 40 30 20 40 99999 30 
80 80 40 80 80 80 80 80 80 80 80 80 80 80 40 80 80 40 80 80 
56 56 28 56 56 56 56 56 28 56 56 28 28 56 28 56 56 56 56 28 
22 22 22 44 44 44 22 44 22 44 44 44 22 44 22 44 22 44 44 44 
24 48 48 24 48 24 48 48 48 48 48 24 48 48 48 48 24 48 48 48 
12 12 24 24 24 24 24 24 24 12 24 12 24 24 24 24 24 12 12 24 
20 20 20 20 20 20 10 20 20 20 20 10 20 20 20 20 20 10 20 10 
18 45 18 18 45 18 36 36 45 18 27 18 45 99999 27 27 99999 18 27 18 
72 72 72 36 72 72 72 72 72 36 72 36 72 36 72 72 72 72 36 72 
56 56 56 56 28 56 28 56 56 56 56 56 56 56 28 56 56 28 56 56 
20 20 20 10 20 20 10 20 10 20 20 20 10 20 10 10 10 20 20 20 
48 48 48 48 48 48 48 24 24 24 48 48 24 48 48 48 48 24 24 48 
24 48 48 48 48 48 24 48 48 48 24 48 48 24 48 48 48 48 48 48 
20 10 20 20 20 20 10 20 20 20 20 10 10 20 10 20 10 20 20 20 
44 22 44 44 44 44 44 44 44 44 44 22 44 44 44 44 44 44 44 44 
10 20 20 10 20 20 20 20 20 20 20 20 20 20 20 20 20 20 20 20 
30 30 20 40 40 20 50 40 30 30 30 40 40 20 30 20 99999 40 50 30 
40 20 40 40 40 40 40 40 40 40 40 20 40 40 20 40 40 40 40 40 
12 12 24 24 24 24 24 12 12 24 24 24 24 12 24 24 12 24 24 24 
20 10 20 10 20 10 20 20 20 20 20 20 20 20 10 20 20 10 10 20 
20 99999 50 20 30 50 40 20 20 50 20 20 30 20 20 20 30 40 40 30 
28 56 56 28 28 56 28 56 56 56 56 56 28 56 28 56 28 56 28 28 
56 56 56 56 56 28 56 28 28 56 56 56 28 56 28 56 56 28 56 56 
20 20 20 20 20 10 10 20 20 10 20 10 20 10 20 10 20 10 20 10 
24 24 40 99999 99999 16 24 32 24 99999 16 24 99999 99999 16 16 24 40 40 24 
18 36 36 36 36 18 36 18 36 36 36 18 36 18 18 18 36 36 18 36 
84 84 84 84 84 84 84 42 84 42 84 84 84 84 84 84 84 84 84 84 
88 88 44 88 88 44 44 44 88 88 88 44 88 44 44 88 44 88 88 88 
80 80 40 40 80 80 80 80 40 40 40 80 40 80 40 40 80 40 80 80 
56 28 56 56 56 56 56 56 56 56 56 56 56 56 56 56 56 56 28 56 
27 27 27 45 18 18 27 99999 18 45 27 36 18 27 18 27 18 27 99999 27 
20 20 10 20 10 10 20 20 20 20 20 10 20 20 10 10 20 20 10 20 
24 24 24 12 24 12 24 24 12 24 12 12 12 24 24 24 24 24 24 24 
20 20 20 20 40 99999 30 30 30 99999 99999 50 40 20 99999 30 30 99999 99999 30 
36 18 27 36 27 27 36 45 45 99999 99999 36 27 18 27 18 18 36 45 18 
12 24 24 24 12 24 12 24 24 24 24 24 24 24 24 12 24 24 24 24 
44 44 44 44 22 44 44 44 44 44 22 44 44 22 22 44 44 44 44 22 
40 40 40 40 40 40 20 40 40 20 40 40 40 40 20 20 40 40 40 40 
28 28 28 28 28 28 28 28 14 28 28 14 28 14 28 14 28 14 28 14 
28 56 56 28 56 28 56 56 56 56 28 56 28 56 56 56 28 56 56 56 
84 84 84 84 84 84 84 42 84 84 42 84 42 42 84 84 42 84 42 84 
12 12 6 12 12 12 6 6 12 12 12 12 12 12 6 12 6 12 12 12 
44 44 44 22 44 44 44 44 44 22 44 44 44 22 44 44 22 44 44 44 
56 56 56 56 56 56 28 28 56 56 56 56 28 56 28 56 28 56 28 28 
24 24 12 24 12 24 12 24 12 24 12 24 12 24 24 24 12 24 24 24 
56 56 56 28 28 56 56 56 56 56 56 56 56 56 56 56 28 56 56 56 
22 22 44 44 44 44 44 22 44 44 44 22 44 22 44 44 44 44 44 22 
20 40 99999 20 50 40 50 30 30 40 30 30 30 50 30 40 50 50 30 99999 
20 10 20 20 20 10 20 20 20 20 20 10 20 10 20 20 20 10 20 20 
56 28 56 28 28 56 56 28 28 56 28 56 56 28 28 56 56 28 56 56 
14 28 28 28 14 14 28 28 14 28 28 28 14 28 28 28 14 14 14 28 
32 32 32 16 32 32 16 32 32 32 32 16 32 16 16 16 32 32 32 32 
84 84 84 84 84 84 84 42 84 84 84 42 84 84 84 84 42 84 84 42 
48 24 48 24 48 24 24 24 48 48 48 48 48 48 48 24 48 48 24 48 
40 40 20 20 40 40 40 40 40 40 40 20 40 20 40 40 40 40 40 40 
72 36 36 72 72 72 36 72 72 72 36 72 72 72 72 72 36 36 72 36 
28 28 28 14 28 28 28 28 14 14 14 14 28 28 28 28 28 28 28 28 
56 56 56 28 56 56 56 56 56 56 56 56 56 28 56 28 56 56 56 28 
44 44 44 22 44 44 44 44 44 44 44 22 22 44 22 22 44 44 44 44 
36 36 36 36 18 18 36 36 36 36 36 18 36 36 18 36 36 18 36 36 
44 22 22 44 22 44 22 44 44 44 44 44 44 22 22 44 44 22 22 44 
56 56 56 56 56 28 56 56 28 28 28 56 56 56 56 28 28 56 28 56 
10 20 20 20 20 10 20 20 20 10 10 20 10 20 20 20 20 10 20 20 
6 6 12 6 12 12 6 6 6 12 6 12 12 12 12 12 12 12 12 12 
20 20 20 20 40 20 40 20 40 20 40 40 40 40 40 40 40 20 20 40 
88 44 88 44 88 44 44 88 88 88 88 88 44 88 88 88 88 88 88 44 
44 44 22 22 22 22 22 44 44 22 44 22 44 22 44 22 22 44 44 44 
12 24 24 24 12 24 12 24 12 24 12 24 24 24 12 12 24 24 24 12 
36 36 36 36 36 36 18 36 36 18 18 36 36 18 36 36 36 36 36 36 
36 18 36 36 36 36 36 18 18 36 18 36 36 36 18 36 36 36 36 18 
36 36 18 36 36 18 36 36 36 36 36 36 36 18 36 36 36 36 36 18 
32 32 32 32 16 16 16 32 32 32 16 32 32 32 16 32 32 32 16 16 
36 72 72 36 72 72 36 72 36 72 72 36 72 72 72 72 72 72 72 36 
22 22 44 22 22 44 44 22 22 44 44 44 44 44 44 44 44 44 22 44 
10 20 20 20 20 10 10 20 20 20 20 20 20 20 20 10 20 20 10 20 
28 56 28 28 56 56 56 56 28 28 28 28 56 56 28 28 56 56 28 56 
40 40 40 40 20 20 40 40 20 20 40 40 40 40 40 40 40 20 40 40 
84 42 84 84 84 42 84 84 84 84 84 42 84 84 42 42 84 42 84 84 
600 600 600 600 600 600 600 600 600 600 600 600 600 600 600 600 600 600 600 600 
600 600 600 600 600 600 600 600 600 600 600 600 600 600 600 600 600 600 600 600 600 600 600 600 600 600 600 600 600 600 600 600 600 600 600 600 600 600 600 600 600 600 600 600 600 600 600 600 600 600 600 600 600 600 600 600 600 600 600 600 600 600 600 600 600 600 600 600 600 600 600 600 600 600 600 600 600 600 600 600 600 600 600 600 600 600 600 600 600 600 600 600 600 600 600 600 600 600 600 600 600 600 600 600 600 600 600 600 600 600 600 600 600 600 600 600 600 600 600 600 600 600 600 600 600 600 600 600 600 600 600 600 600 600 600 600 600 600 600 600 600 600 600 600 600 600 600 600 600 600 600 600 600 600 600 600 600 600 600 600 600 600 600 600 600 600 600 600 600 600 600 600 600 600 600 600 600 600 600 600 600 600 600 600 600 600 600 600 600 600 600 600 600 600 600 600 600 600 600 600 600 600 600 600 600 600 600 600 600 600 600 600 600 600 600 600 600 600 600 600 600 600 600 600 600 600 600 600 600 600 600 600 600 600 600 600 600 600 600 600 600 600 600 600 600 600 600 600 600 600 1 1 1 1 1 1 1 1 1 1 1 1 1 1 1 1 1 1 1 1 1 1 1 1 1 1 1 1 1 1 1 1 1 1 1 1 1 1 1 1 1 1 1 1 1 1 1 1 1 1 1 1 1 1 1 1 1 1 1 1 1 1 1 1 1 1 1 1 1 1 1 1 1 1 1 1 1 1 1 1 1 1 1 1 1 1 1 1 1 1 1 1 1 1 1 1 1 1 1 1 1 1 1 1 1 1 1 1 1 1 1 1 1 1 1 1 1 1 1 1 1 1 1 1 1 1 1 1 1 1 1 1 1 1 1 1 1 1 1 1 1 1 1 1 1 1 1 1 1 1 1 1 1 1 1 1 1 1 1 1 1 1 1 1 1 1 1 1 1 1 1 1 1 1 1 1 1 1 1 1 1 1 1 1 1 1 1 1 1 1 1 1 1 1 1 1 1 1 1 1 1 1 1 1 1 1 1 1 1 1 1 1 1 1 1 1 1 1 1 1 1 1 1 1 1 1 1 1 1 1 1 1 1 1 1 1 1 1 1 1 1 1 1 1 1 1 1 1 1 1 