250
20
137 1 29 97 47 11 94 32 23 75 84 23 109 9 137 94 47 47 134 29 94 9 17 23 23 88 42 75 21 94 65 61 88 47 29 58 17 65 88 21 34 109 49 29 34 23 75 62 84 94 65 97 84 62 17 100 42 47 142 1 32 137 94 34 42 62 62 92 75 134 134 94 32 62 12 12 92 92 23 100 142 32 142 1 100 42 23 34 86 17 65 84 17 88 88 65 88 21 11 65 49 42 97 142 137 61 142 23 94 34 11 52 109 94 1 92 49 42 1 75 97 23 23 88 9 92 23 62 86 62 84 75 52 52 34 11 21 49 84 109 32 11 42 75 62 23 1 142 21 9 29 23 84 12 109 23 100 75 32 92 21 1 23 100 1 88 100 29 92 34 1 61 142 84 23 29 29 97 75 97 137 21 88 84 137 42 84 109 61 109 100 11 84 134 84 142 29 32 109 9 84 92 84 9 9 11 23 9 88 21 1 84 62 47 100 86 134 1 12 11 94 49 29 21 75 86 137 97 9 88 84 17 17 23 29 62 142 86 49 23 52 62 109 75 75 84 52 142 65 86 
12 12 12 12 12 12 12 12 12 12 12 12 12 12 12 12 12 12 12 12 
32 16 16 32 32 16 32 32 32 32 32 32 32 32 32 32 32 32 32 32 
10 10 20 20 20 20 20 20 20 20 20 20 20 10 20 10 10 10 10 20 
24 48 48 48 24 48 24 48 24 48 48 48 48 48 48 48 48 24 48 48 
20 40 40 20 20 40 40 20 40 20 20 20 40 40 40 20 40 40 40 40 
48 48 48 48 24 36 99999 48 99999 36 36 48 36 24 60 36 24 99999 60 48 
36 36 36 36 36 18 36 18 36 36 36 36 36 36 36 36 36 18 36 36 
16 16 16 16 16 16 8 16 16 16 16 16 16 8 16 16 16 8 16 16 
60 60 30 60 60 30 60 60 30 30 60 60 60 60 60 60 60 60 60 60 
16 16 32 16 32 32 16 32 32 32 32 32 32 16 16 32 32 32 32 32 
16 40 40 24 99999 16 16 24 24 99999 32 16 24 24 32 32 32 24 40 16 
16 16 8 8 16 16 16 16 16 16 8 16 8 16 16 8 16 16 8 8 
16 16 32 32 32 16 32 16 32 32 32 32 32 16 32 16 32 32 32 32 
16 40 24 32 99999 99999 24 32 40 16 32 99999 24 24 24 99999 32 40 24 16 
96 96 48 96 96 96 96 96 48 96 96 96 48 96 96 96 96 96 48 96 
24 32 40 24 16 40 40 32 24 99999 40 16 24 24 24 16 99999 99999 99999 24 
44 44 44 22 22 44 22 44 44 44 44 44 22 22 22 44 22 44 44 22 
48 48 48 48 24 48 48 48 48 48 48 48 48 48 48 48 24 48 48 48 
22 22 44 44 44 44 44 44 44 22 22 44 22 22 44 22 44 44 44 44 
16 16 99999 40 24 16 32 24 16 32 16 16 24 24 32 24 24 99999 32 32 
36 18 18 36 18 36 36 36 36 36 36 36 36 18 36 18 18 36 18 18 
48 48 48 48 48 24 24 48 24 48 48 48 48 48 48 48 48 24 48 48 
24 48 48 24 48 48 48 48 48 24 48 48 24 48 24 48 48 24 48 48 
16 16 16 16 16 16 16 8 16 16 16 16 8 16 16 16 16 8 8 8 
24 24 24 24 24 24 24 12 24 24 12 24 12 24 24 12 12 12 24 24 
16 40 40 99999 16 16 16 24 24 40 16 32 24 16 40 99999 24 24 40 32 
60 60 60 60 30 60 60 60 60 60 30 60 30 60 60 30 60 60 60 60 
36 36 36 18 36 36 36 18 36 36 18 36 36 18 18 36 36 36 36 36 
24 24 12 24 24 24 24 12 24 12 12 24 24 12 12 24 12 24 24 24 
44 44 44 22 44 22 44 22 44 44 44 44 44 44 44 22 44 44 44 44 
30 30 60 30 60 30 60 30 60 60 30 60 60 60 30 60 30 30 60 60 
24 12 24 12 24 24 12 12 24 24 12 12 24 24 24 24 24 12 24 12 
8 16 8 16 16 16 16 16 16 16 16 16 16 16 8 16 8 16 16 16 
48 48 48 48 24 24 48 48 24 48 48 48 48 48 48 48 24 48 48 48 
8 8 8 8 16 16 8 8 16 8 16 8 16 16 8 8 16 8 8 16 
24 60 48 36 60 99999 99999 24 24 99999 99999 99999 99999 48 24 36 60 60 36 24 
32 32 32 16 32 32 32 32 16 32 32 32 32 16 32 16 32 32 32 16 
40 16 99999 16 24 40 16 99999 24 24 24 32 24 16 40 16 24 40 40 24 
56 28 56 56 56 28 56 56 56 56 56 56 56 56 56 56 56 28 28 28 
56 56 56 56 56 56 56 56 56 28 28 56 56 56 56 56 56 28 56 56 
16 8 16 16 16 16 8 16 16 8 8 8 8 16 16 8 8 16 16 8 
20 20 20 20 10 10 20 20 20 20 10 20 20 20 20 10 20 20 20 20 
36 36 36 36 36 36 36 18 36 36 36 18 36 36 36 36 36 36 36 18 
20 20 30 40 30 30 40 50 30 20 20 30 30 50 30 50 20 30 20 20 
30 60 60 60 30 60 60 60 60 30 60 30 60 60 60 60 30 30 60 60 
16 40 40 24 40 24 24 16 24 99999 99999 16 16 16 99999 16 32 16 16 32 
60 30 60 60 60 30 60 60 60 60 60 60 30 60 60 30 60 60 60 60 
96 96 96 96 48 96 96 96 96 96 48 96 96 96 48 96 96 96 48 48 
44 44 44 22 44 22 22 44 44 44 44 44 22 44 44 44 22 22 22 44 
30 40 30 50 20 30 99999 40 20 99999 40 30 30 30 99999 40 99999 99999 99999 30 
40 40 40 40 20 40 20 20 40 20 40 20 40 40 40 40 40 40 20 20 
16 24 32 40 24 24 16 24 16 16 24 24 24 99999 16 40 24 16 16 24 
32 32 16 32 16 32 16 32 32 16 32 16 32 16 32 16 32 32 16 16 
60 60 30 60 60 30 30 30 60 60 30 30 30 60 60 60 60 60 30 60 
16 32 32 32 32 32 32 32 32 32 32 32 16 32 32 32 16 32 32 32 
60 60 60 60 60 60 60 60 60 60 60 60 60 60 60 60 60 30 60 60 
48 24 48 24 48 48 48 24 48 48 48 48 24 24 48 48 48 24 48 48 
24 48 48 24 48 48 48 24 48 48 48 48 48 48 48 48 48 24 48 24 
56 28 56 28 56 56 56 56 56 56 56 56 56 28 28 28 28 56 56 28 
16 32 32 16 16 32 16 16 32 32 32 32 16 32 16 16 16 16 32 32 
14 28 28 28 28 14 28 28 28 28 14 28 14 28 28 28 14 14 14 28 
28 28 56 56 56 56 28 56 28 56 56 56 28 28 56 56 56 56 56 56 
44 44 44 44 44 22 44 44 22 22 22 22 44 44 44 22 44 44 44 44 
96 96 96 48 48 96 96 96 48 96 48 96 48 96 96 48 48 48 96 48 
40 40 40 40 40 40 20 40 40 20 20 20 40 40 40 40 40 40 40 40 
22 22 44 44 44 22 22 44 22 44 22 44 44 44 22 22 22 44 22 44 
16 32 32 32 32 16 16 32 32 32 32 32 32 32 32 32 32 16 32 16 
20 10 10 10 10 10 20 20 10 20 20 20 20 20 20 20 20 20 20 20 
22 44 44 44 22 44 22 22 44 22 44 44 44 44 44 44 44 44 22 44 
22 44 22 44 22 44 44 44 44 22 22 44 44 22 22 44 22 44 22 44 
40 16 16 40 24 99999 32 16 16 40 99999 32 99999 99999 32 99999 24 32 16 40 
16 32 16 32 32 16 32 16 32 16 32 32 32 16 32 32 32 16 16 16 
16 32 32 32 32 16 32 32 32 32 32 32 32 32 32 32 16 32 32 32 
40 40 20 40 20 40 40 40 40 40 40 40 40 40 40 40 40 40 40 40 
60 60 30 60 60 60 60 60 60 60 60 30 60 60 60 60 60 60 60 60 
10 20 20 10 20 10 20 10 20 20 20 20 20 20 20 20 20 10 20 20 
48 48 48 48 48 48 48 48 24 48 48 24 48 48 48 24 24 24 48 24 
40 40 40 40 20 40 20 20 40 40 40 20 20 40 40 20 20 40 20 40 
14 28 28 28 28 28 28 14 14 14 28 14 28 28 28 14 28 14 28 28 
20 20 20 20 10 10 20 10 20 20 10 20 20 20 10 20 20 20 10 10 
96 96 96 48 96 96 48 96 48 96 96 96 96 96 48 48 96 96 96 96 
16 16 16 16 16 8 8 16 16 16 8 16 16 16 8 16 16 16 16 16 
24 32 99999 99999 40 40 16 40 24 24 24 16 99999 32 40 16 16 99999 16 16 
44 22 44 22 22 44 44 44 44 44 44 22 22 44 44 22 44 44 22 44 
20 20 20 20 30 50 99999 20 30 40 20 20 20 99999 30 30 20 30 30 30 
30 60 60 30 60 60 60 60 60 60 30 30 60 60 30 60 60 60 60 60 
22 22 22 44 44 44 44 44 44 44 44 44 44 44 44 44 44 22 44 44 
16 16 8 16 16 16 16 16 16 16 16 16 16 8 16 16 8 16 16 8 
40 40 40 40 40 20 40 40 40 40 40 20 40 40 40 20 20 20 20 40 
14 28 28 28 28 28 28 28 28 28 28 14 14 14 28 28 28 14 14 28 
48 48 48 48 48 48 48 48 24 48 24 48 48 48 48 48 48 48 48 24 
32 32 32 16 32 16 32 32 32 16 32 32 32 32 16 32 32 32 32 32 
20 20 20 10 20 20 20 10 10 20 20 10 20 20 20 20 20 10 20 20 
36 36 36 36 36 18 36 18 36 36 36 36 36 18 36 36 36 36 36 36 
40 99999 32 16 32 40 40 32 40 16 24 24 24 24 16 16 16 16 24 16 
40 40 32 16 16 40 16 16 16 24 16 40 40 32 32 99999 24 40 16 40 
20 20 20 20 20 20 10 20 10 20 20 20 20 20 10 20 20 20 20 10 
60 24 36 24 60 24 24 36 24 99999 24 36 48 36 99999 99999 36 36 99999 36 
16 16 24 16 16 16 16 40 24 99999 16 99999 16 99999 16 24 32 16 99999 24 
24 24 12 24 24 24 24 12 24 24 12 24 24 12 24 24 24 24 24 24 
44 22 44 44 22 44 44 44 44 22 44 22 44 22 44 44 44 44 22 22 
16 32 16 16 32 32 24 16 16 16 24 99999 16 32 16 16 99999 16 24 24 
16 16 40 16 16 16 16 16 99999 40 16 16 32 99999 24 24 40 40 24 99999 
16 16 40 24 99999 24 40 40 24 24 99999 99999 40 24 16 24 40 16 24 24 
96 96 96 96 96 96 48 96 96 48 96 96 96 96 48 48 96 48 96 96 
16 16 24 16 16 16 40 99999 99999 32 16 16 24 16 99999 32 16 16 32 16 
28 28 28 28 28 28 28 14 28 28 14 28 28 28 14 28 14 28 28 28 
8 16 16 8 8 16 16 16 16 16 16 16 8 16 16 8 16 16 16 16 
32 16 32 16 32 32 32 32 32 32 16 32 32 32 32 16 16 32 32 32 
40 40 20 40 40 40 20 40 40 20 40 40 40 40 40 20 40 20 20 40 
32 32 16 16 32 32 32 32 16 32 32 16 32 32 16 32 32 32 16 32 
60 60 60 60 60 30 60 60 30 60 60 30 60 60 60 60 30 60 60 60 
44 44 44 22 22 44 44 44 22 44 22 44 22 44 44 44 44 44 44 22 
32 32 16 16 32 32 32 32 32 32 32 16 16 32 32 32 16 16 32 32 
96 96 48 48 96 48 96 96 96 96 96 96 96 96 96 96 96 96 96 48 
28 28 28 28 28 28 28 28 28 14 14 28 14 28 14 28 28 14 14 28 
32 16 32 32 16 32 32 32 32 32 32 32 32 32 32 32 16 32 32 32 
96 96 96 96 48 96 96 48 96 96 48 48 48 96 48 96 96 96 48 48 
40 40 40 40 40 40 40 40 40 40 20 20 40 40 20 40 40 40 40 20 
32 99999 24 16 24 40 16 16 24 99999 24 99999 24 99999 24 40 40 16 99999 32 
88 88 88 88 88 88 44 88 88 44 88 88 88 88 44 88 44 44 88 88 
14 14 14 28 28 28 28 28 28 28 28 14 28 14 14 14 28 14 28 28 
12 24 24 24 24 24 24 24 12 24 24 24 24 24 12 24 24 12 24 24 
20 20 20 20 20 10 20 20 20 10 20 20 10 20 10 20 10 20 20 20 
18 18 36 18 18 36 36 18 18 36 18 36 36 36 36 36 36 18 36 36 
36 36 36 18 36 36 18 36 18 36 36 36 36 36 36 36 36 18 36 36 
32 32 32 16 32 32 32 16 32 32 32 32 32 32 32 16 32 32 16 16 
32 32 32 32 32 32 32 16 32 16 32 32 16 32 32 16 32 32 32 32 
24 12 24 24 12 24 24 24 12 24 12 24 12 24 24 24 24 24 24 12 
60 60 60 30 30 60 60 60 60 60 60 30 60 30 60 30 30 30 60 60 
14 14 28 28 28 28 14 28 14 28 28 28 28 28 28 14 28 28 28 28 
12 24 24 24 24 24 24 24 24 24 12 24 24 12 12 24 24 24 12 24 
96 96 96 96 96 48 96 48 48 96 96 96 48 96 96 48 96 96 96 48 
50 20 20 99999 30 30 20 99999 50 50 30 40 20 40 20 20 20 20 20 20 
48 48 48 48 48 48 24 48 48 48 48 24 48 48 24 48 48 48 48 48 
44 44 44 22 44 44 44 44 22 44 44 44 44 44 44 22 44 44 44 22 
48 24 48 24 24 48 48 48 48 24 48 48 48 48 24 48 24 48 48 48 
44 88 88 88 44 88 88 88 88 88 44 88 44 44 88 88 88 88 88 44 
18 36 36 36 18 36 18 36 36 18 36 36 36 36 36 18 18 18 36 36 
88 88 88 44 44 88 44 44 88 88 44 44 44 88 44 44 88 88 88 88 
60 30 60 60 60 60 60 30 60 60 60 60 30 60 30 30 30 30 60 60 
24 24 24 24 24 12 12 24 24 24 12 12 24 24 24 24 24 24 24 24 
40 40 20 40 40 40 40 20 20 40 40 40 40 40 40 40 20 40 20 40 
28 14 28 28 28 14 28 28 28 28 28 28 28 28 28 14 28 28 28 28 
36 18 36 36 36 36 18 18 18 36 18 18 18 36 36 36 36 18 36 36 
40 24 16 24 32 99999 99999 40 99999 24 32 99999 24 16 16 24 99999 32 24 24 
12 12 12 12 12 24 12 24 24 12 24 24 24 24 12 24 12 24 24 12 
44 44 44 44 44 22 44 44 44 44 44 22 22 22 44 44 22 44 44 44 
60 60 60 60 60 30 30 60 30 30 60 30 60 60 30 60 60 60 60 60 
20 40 20 20 40 20 40 40 40 40 40 40 40 20 20 40 40 40 40 40 
16 16 16 16 8 8 16 16 8 8 16 16 16 16 16 16 16 16 16 16 
24 48 48 24 24 48 24 48 24 24 24 48 48 24 24 24 48 48 48 24 
32 32 32 16 32 16 32 32 16 32 32 32 32 16 16 16 32 16 16 16 
40 40 40 20 40 40 40 40 40 40 40 40 20 40 40 20 40 40 40 20 
32 16 32 32 16 16 32 32 32 16 16 32 32 32 32 16 32 16 32 32 
24 12 24 24 12 24 24 24 12 24 24 24 24 24 24 24 24 24 24 24 
56 56 28 56 28 56 56 28 56 56 28 28 56 28 28 56 28 28 56 56 
32 16 32 32 16 32 32 32 16 16 32 32 32 32 16 32 32 32 16 16 
36 18 36 36 18 36 36 18 36 36 36 18 36 18 36 18 36 18 36 36 
44 44 22 44 44 22 44 22 44 22 44 44 44 22 44 44 44 22 44 44 
16 8 16 8 16 16 8 16 8 16 16 16 8 16 16 8 16 16 16 8 
48 24 48 24 48 24 24 24 48 48 24 48 48 48 48 48 48 48 48 24 
16 99999 24 16 24 99999 16 24 24 32 24 40 16 16 24 40 24 32 24 16 
24 48 48 48 48 48 48 48 48 48 48 48 48 48 48 48 24 48 48 48 
24 48 36 36 99999 60 24 60 99999 36 36 60 60 99999 48 36 24 60 36 24 
56 56 28 28 56 28 56 28 56 28 56 28 56 56 56 56 56 28 56 56 
60 48 24 48 48 99999 24 60 36 36 60 24 24 36 99999 60 48 48 36 24 
30 50 20 20 30 30 40 30 50 50 99999 20 99999 20 99999 20 30 99999 40 30 
24 99999 99999 60 36 36 24 36 24 60 99999 60 36 99999 24 24 36 48 24 24 
24 12 12 24 24 24 24 12 12 24 24 24 12 12 24 24 24 24 24 12 
48 48 48 48 24 48 48 48 24 48 48 48 24 24 48 48 48 48 24 48 
60 99999 24 60 24 99999 60 36 36 48 24 36 36 24 48 36 48 24 36 99999 
32 16 99999 24 16 16 99999 16 40 40 40 24 16 16 16 32 40 32 99999 40 
24 16 16 24 32 16 16 16 40 16 40 16 24 40 32 24 16 32 99999 24 
88 88 44 88 88 88 88 88 88 88 88 88 88 88 44 88 88 44 88 88 
48 48 24 48 48 48 48 48 24 48 48 24 24 48 24 48 48 48 48 24 
12 12 12 24 24 24 12 24 12 24 24 24 12 24 12 24 12 24 24 24 
12 24 24 12 24 12 24 24 24 24 24 12 24 24 24 24 12 24 24 24 
28 28 56 56 56 56 56 56 56 28 56 28 56 56 56 56 56 28 28 56 
60 60 60 60 60 60 30 60 60 60 60 30 60 60 60 60 60 30 60 30 
24 60 24 24 60 24 48 48 60 24 36 24 60 99999 36 36 99999 24 36 24 
36 36 36 18 36 36 36 36 36 18 36 18 36 18 36 36 36 36 18 36 
48 48 48 48 24 48 24 48 48 48 48 48 48 48 24 48 48 24 48 48 
20 20 20 10 20 20 10 20 10 20 20 20 10 20 10 10 10 20 20 20 
24 24 24 24 24 24 24 12 12 12 24 24 12 24 24 24 24 12 12 24 
16 32 32 32 32 32 16 32 32 32 16 32 32 16 32 32 32 32 32 32 
60 30 60 60 60 60 30 60 60 60 60 30 30 60 30 60 30 60 60 60 
60 30 60 60 60 60 60 60 60 60 60 30 60 60 60 60 60 60 60 60 
10 20 20 10 20 20 20 20 20 20 20 20 20 20 20 20 20 20 20 20 
24 24 16 32 32 16 40 32 24 24 24 32 32 16 24 16 99999 32 40 24 
56 28 56 56 56 56 56 56 56 56 56 28 56 56 28 56 56 56 56 56 
8 8 16 16 16 16 16 8 8 16 16 16 16 8 16 16 8 16 16 16 
60 30 60 30 60 30 60 60 60 60 60 60 60 60 30 60 60 30 30 60 
16 99999 40 16 24 40 32 16 16 40 16 16 24 16 16 16 24 32 32 24 
24 48 48 24 24 48 24 48 48 48 48 48 24 48 24 48 24 48 24 24 
48 48 48 48 48 24 48 24 24 48 48 48 24 48 24 48 48 24 48 48 
60 60 60 60 60 30 30 60 60 30 60 30 60 30 60 30 60 30 60 30 
24 24 40 99999 99999 16 24 32 24 99999 16 24 99999 99999 16 16 24 40 40 24 
10 20 20 20 20 10 20 10 20 20 20 10 20 10 10 10 20 20 10 20 
60 60 60 60 60 60 60 30 60 30 60 60 60 60 60 60 60 60 60 60 
32 32 16 32 32 16 16 16 32 32 32 16 32 16 16 32 16 32 32 32 
88 88 44 44 88 88 88 88 44 44 44 88 44 88 44 44 88 44 88 88 
48 24 48 48 48 48 48 48 48 48 48 48 48 48 48 48 48 48 24 48 
24 24 24 40 16 16 24 99999 16 40 24 32 16 24 16 24 16 24 99999 24 
20 20 10 20 10 10 20 20 20 20 20 10 20 20 10 10 20 20 10 20 
56 56 56 28 56 28 56 56 28 56 28 28 28 56 56 56 56 56 56 56 
16 16 16 16 32 99999 24 24 24 99999 99999 40 32 16 99999 24 24 99999 99999 24 
48 24 36 48 36 36 48 60 60 99999 99999 48 36 24 36 24 24 48 60 24 
8 16 16 16 8 16 8 16 16 16 16 16 16 16 16 8 16 16 16 16 
60 60 60 60 30 60 60 60 60 60 30 60 60 30 30 60 60 60 60 30 
28 28 28 28 28 28 14 28 28 14 28 28 28 28 14 14 28 28 28 28 
32 32 32 32 32 32 32 32 16 32 32 16 32 16 32 16 32 16 32 16 
48 96 96 48 96 48 96 96 96 96 48 96 48 96 96 96 48 96 96 96 
60 60 60 60 60 60 60 30 60 60 30 60 30 30 60 60 30 60 30 60 
28 28 14 28 28 28 14 14 28 28 28 28 28 28 14 28 14 28 28 28 
24 24 24 12 24 24 24 24 24 12 24 24 24 12 24 24 12 24 24 24 
48 48 48 48 48 48 24 24 48 48 48 48 24 48 24 48 24 48 24 24 
16 16 8 16 8 16 8 16 8 16 8 16 8 16 16 16 8 16 16 16 
48 48 48 24 24 48 48 48 48 48 48 48 48 48 48 48 24 48 48 48 
24 24 48 48 48 48 48 24 48 48 48 24 48 24 48 48 48 48 48 24 
16 32 99999 16 40 32 40 24 24 32 24 24 24 40 24 32 40 40 24 99999 
60 30 60 60 60 30 60 60 60 60 60 30 60 30 60 60 60 30 60 60 
48 24 48 24 24 48 48 24 24 48 24 48 48 24 24 48 48 24 48 48 
10 20 20 20 10 10 20 20 10 20 20 20 10 20 20 20 10 10 10 20 
40 40 40 20 40 40 20 40 40 40 40 20 40 20 20 20 40 40 40 40 
60 60 60 60 60 60 60 30 60 60 60 30 60 60 60 60 30 60 60 30 
24 12 24 12 24 12 12 12 24 24 24 24 24 24 24 12 24 24 12 24 
56 56 28 28 56 56 56 56 56 56 56 28 56 28 56 56 56 56 56 56 
36 18 18 36 36 36 18 36 36 36 18 36 36 36 36 36 18 18 36 18 
32 32 32 16 32 32 32 32 16 16 16 16 32 32 32 32 32 32 32 32 
48 48 48 24 48 48 48 48 48 48 48 48 48 24 48 24 48 48 48 24 
24 24 24 12 24 24 24 24 24 24 24 12 12 24 12 12 24 24 24 24 
44 44 44 44 22 22 44 44 44 44 44 22 44 44 22 44 44 22 44 44 
24 12 12 24 12 24 12 24 24 24 24 24 24 12 12 24 24 12 12 24 
48 48 48 48 48 24 48 48 24 24 24 48 48 48 48 24 24 48 24 48 
30 60 60 60 60 30 60 60 60 30 30 60 30 60 60 60 60 30 60 60 
14 14 28 14 28 28 14 14 14 28 14 28 28 28 28 28 28 28 28 28 
28 28 28 28 56 28 56 28 56 28 56 56 56 56 56 56 56 28 28 56 
32 16 32 16 32 16 16 32 32 32 32 32 16 32 32 32 32 32 32 16 
60 60 30 30 30 30 30 60 60 30 60 30 60 30 60 30 30 60 60 60 
28 56 56 56 28 56 28 56 28 56 28 56 56 56 28 28 56 56 56 28 
36 36 36 36 36 36 18 36 36 18 18 36 36 18 36 36 36 36 36 36 
36 18 36 36 36 36 36 18 18 36 18 36 36 36 18 36 36 36 36 18 
36 36 18 36 36 18 36 36 36 36 36 36 36 18 36 36 36 36 36 18 
40 40 40 40 20 20 20 40 40 40 20 40 40 40 20 40 40 40 20 20 
18 36 36 18 36 36 18 36 18 36 36 18 36 36 36 36 36 36 36 18 
30 30 60 30 30 60 60 30 30 60 60 60 60 60 60 60 60 60 30 60 
30 60 60 60 60 30 30 60 60 60 60 60 60 60 60 30 60 60 30 60 
24 48 24 24 48 48 48 48 24 24 24 24 48 48 24 24 48 48 24 48 
56 56 56 56 28 28 56 56 28 28 56 56 56 56 56 56 56 28 56 56 
60 30 60 60 60 30 60 60 60 60 60 30 60 60 30 30 60 30 60 60 
600 600 600 600 600 600 600 600 600 600 600 600 600 600 600 600 600 600 600 600 
600 600 600 600 600 600 600 600 600 600 600 600 600 600 600 600 600 600 600 600 600 600 600 600 600 600 600 600 600 600 600 600 600 600 600 600 600 600 600 600 600 600 600 600 600 600 600 600 600 600 600 600 600 600 600 600 600 600 600 600 600 600 600 600 600 600 600 600 600 600 600 600 600 600 600 600 600 600 600 600 600 600 600 600 600 600 600 600 600 600 600 600 600 600 600 600 600 600 600 600 600 600 600 600 600 600 600 600 600 600 600 600 600 600 600 600 600 600 600 600 600 600 600 600 600 600 600 600 600 600 600 600 600 600 600 600 600 600 600 600 600 600 600 600 600 600 600 600 600 600 600 600 600 600 600 600 600 600 600 600 600 600 600 600 600 600 600 600 600 600 600 600 600 600 600 600 600 600 600 600 600 600 600 600 600 600 600 600 600 600 600 600 600 600 600 600 600 600 600 600 600 600 600 600 600 600 600 600 600 600 600 600 600 600 600 600 600 600 600 600 600 600 600 600 600 600 600 600 600 600 600 600 600 600 600 600 600 600 600 600 600 600 600 600 600 600 600 600 600 600 1 1 1 1 1 1 1 1 1 1 1 1 1 1 1 1 1 1 1 1 1 1 1 1 1 1 1 1 1 1 1 1 1 1 1 1 1 1 1 1 1 1 1 1 1 1 1 1 1 1 1 1 1 1 1 1 1 1 1 1 1 1 1 1 1 1 1 1 1 1 1 1 1 1 1 1 1 1 1 1 1 1 1 1 1 1 1 1 1 1 1 1 1 1 1 1 1 1 1 1 1 1 1 1 1 1 1 1 1 1 1 1 1 1 1 1 1 1 1 1 1 1 1 1 1 1 1 1 1 1 1 1 1 1 1 1 1 1 1 1 1 1 1 1 1 1 1 1 1 1 1 1 1 1 1 1 1 1 1 1 1 1 1 1 1 1 1 1 1 1 1 1 1 1 1 1 1 1 1 1 1 1 1 1 1 1 1 1 1 1 1 1 1 1 1 1 1 1 1 1 1 1 1 1 1 1 1 1 1 1 1 1 1 1 1 1 1 1 1 1 1 1 1 1 1 1 1 1 1 1 1 1 1 1 1 1 1 1 1 1 1 1 1 1 1 1 1 1 1 1 