250
20
121 26 28 4 28 121 55 5 139 13 39 37 39 135 131 4 119 53 121 67 55 66 23 121 73 138 26 37 37 109 4 120 53 54 139 25 121 121 120 6 114 121 135 4 54 39 52 53 139 14 25 114 4 4 53 28 67 37 37 112 53 39 13 13 23 112 28 53 135 121 4 13 26 25 73 109 6 55 53 139 54 80 135 73 6 4 5 112 28 5 10 13 112 120 25 37 71 67 71 73 10 10 39 138 54 53 80 135 13 4 66 120 80 7 7 13 131 10 114 121 24 120 131 26 52 114 44 24 73 26 10 53 44 37 13 109 37 139 109 139 55 114 73 80 109 80 112 54 7 120 114 112 55 73 53 7 44 139 114 5 120 139 66 121 114 39 120 14 119 114 54 55 120 13 25 53 39 13 138 53 135 135 26 23 53 6 25 14 26 4 24 4 139 119 114 67 10 139 37 71 67 121 7 71 10 66 26 55 131 14 131 53 73 5 114 13 66 139 24 138 44 131 119 37 138 53 66 10 119 52 71 39 71 13 112 121 25 7 53 66 53 112 6 26 7 138 28 67 13 23 
14 14 14 14 14 14 14 14 14 14 14 14 14 14 14 14 14 14 14 14 
44 22 44 22 44 44 44 44 44 44 44 44 22 44 44 44 44 44 22 44 
6 12 6 12 12 6 6 12 12 12 12 6 12 6 6 6 6 12 12 12 
40 24 24 16 16 40 24 32 32 16 24 24 40 16 99999 24 24 24 24 32 
40 40 40 20 40 20 20 40 40 40 20 40 40 20 20 40 20 40 40 40 
40 20 40 20 40 40 20 40 40 40 40 40 40 20 40 40 40 40 20 40 
44 44 44 44 44 44 44 44 44 44 44 44 44 44 44 44 22 22 22 44 
24 40 24 24 40 24 24 24 16 32 24 24 16 24 99999 16 24 24 40 32 
26 52 52 52 52 52 26 52 52 26 26 52 52 26 52 52 26 52 26 26 
76 38 76 38 38 76 76 38 38 76 76 76 38 76 76 76 76 76 38 76 
44 44 22 44 44 44 44 44 22 44 44 44 44 44 22 44 44 44 44 44 
40 20 40 40 40 40 20 40 20 40 40 20 40 40 40 40 20 20 20 20 
50 40 20 20 50 30 99999 20 99999 99999 20 50 20 50 30 40 20 30 20 99999 
46 92 92 92 92 92 46 92 92 92 92 92 46 46 92 92 92 92 92 46 
99999 40 40 20 30 20 30 20 20 99999 30 50 50 30 20 30 30 30 50 20 
18 36 36 18 36 36 18 18 36 36 36 36 36 18 36 36 36 36 36 36 
48 24 36 36 24 60 60 60 36 60 48 99999 24 24 24 99999 48 48 24 36 
26 52 26 52 52 26 52 26 52 26 52 52 52 52 26 52 52 52 52 26 
40 40 40 40 20 40 40 40 40 40 40 20 20 20 40 40 40 40 40 40 
40 40 40 40 20 20 40 40 40 40 20 40 20 20 40 40 40 40 20 40 
40 80 40 40 40 40 80 80 80 80 80 80 80 40 40 80 80 40 80 40 
18 36 36 36 18 36 36 18 36 18 18 36 36 36 36 18 36 18 36 36 
88 88 44 44 88 44 44 44 44 88 88 88 88 44 88 88 88 88 88 44 
12 24 24 24 24 24 24 12 24 12 24 12 24 24 24 24 24 24 24 24 
36 18 36 18 18 36 18 18 18 18 36 36 36 18 18 18 36 36 18 36 
76 76 38 76 76 38 76 38 76 76 76 76 76 76 38 38 76 76 76 76 
8 16 16 16 16 16 16 16 16 8 8 8 16 16 16 8 16 16 16 16 
88 88 88 44 88 88 88 44 88 88 44 88 88 88 88 88 88 88 44 44 
16 16 8 16 8 16 16 16 16 16 16 16 16 16 8 8 16 16 16 8 
24 16 16 24 40 99999 99999 24 24 16 16 24 24 24 24 40 24 16 16 99999 
16 16 16 8 16 16 8 16 16 8 16 16 16 16 16 16 8 8 16 16 
21 14 14 21 28 28 14 21 14 99999 99999 99999 14 28 21 99999 14 99999 99999 35 
52 52 52 26 52 52 52 26 26 52 52 52 52 26 52 52 26 26 52 26 
76 76 76 76 38 38 38 76 76 76 76 76 76 38 76 76 76 76 38 76 
24 32 32 16 16 32 24 40 99999 40 16 24 24 40 16 24 40 24 16 32 
88 44 88 88 44 88 88 88 88 88 44 44 88 88 88 44 88 88 88 88 
40 20 40 40 40 20 20 40 20 40 40 40 40 40 40 40 40 40 40 20 
8 8 8 8 8 16 16 8 16 8 8 16 16 16 16 8 16 16 16 16 
56 56 56 56 56 56 28 56 28 56 56 56 56 56 28 56 56 56 28 28 
12 6 12 12 12 6 12 12 6 6 6 12 12 12 6 12 12 12 12 12 
60 30 60 30 60 60 30 30 60 30 60 60 60 60 60 60 60 30 60 60 
40 40 40 20 40 40 40 40 20 40 20 20 20 40 20 40 40 40 40 40 
48 48 48 48 48 48 24 48 48 48 24 48 24 48 48 48 24 24 48 48 
40 40 40 20 40 40 40 40 40 40 40 40 40 40 40 20 40 40 20 40 
92 92 92 46 92 46 46 92 46 92 46 92 46 92 92 92 92 92 92 46 
40 40 40 40 40 40 40 40 20 40 40 40 40 40 40 20 20 40 40 40 
22 44 44 44 22 44 44 44 44 44 44 44 22 44 44 44 44 44 44 44 
32 16 24 24 99999 99999 16 16 40 40 40 99999 16 99999 24 16 24 16 24 16 
32 32 32 32 32 32 32 16 32 32 32 32 32 16 32 32 32 32 16 32 
24 24 12 12 12 12 12 24 24 24 24 24 12 24 24 24 12 24 24 12 
36 36 36 18 18 18 36 18 18 36 18 36 18 18 36 36 36 18 18 36 
48 24 48 24 24 24 48 24 48 48 48 48 24 48 48 48 48 48 48 48 
92 92 92 92 92 92 92 92 92 92 92 92 92 92 46 92 92 46 92 92 
40 80 40 40 80 80 80 80 40 80 80 80 40 80 40 80 80 80 40 80 
18 36 36 36 36 36 36 36 36 36 36 18 18 18 18 36 36 18 36 36 
22 44 22 44 44 22 44 44 44 44 22 44 22 44 44 44 22 22 44 22 
18 36 36 18 36 36 36 18 36 18 36 18 18 36 36 36 36 36 36 36 
18 36 36 36 18 36 36 18 36 36 36 18 36 36 36 36 36 36 36 36 
76 38 38 76 38 38 76 76 76 76 76 76 76 76 76 38 76 38 76 76 
40 40 40 40 40 40 40 40 40 40 40 20 40 40 20 40 20 40 20 20 
32 16 32 16 32 32 16 32 32 32 16 32 16 32 32 32 16 32 32 16 
12 6 12 12 12 6 12 12 12 6 6 12 12 6 12 12 6 6 6 6 
28 21 21 21 99999 28 14 28 21 21 14 21 35 21 14 28 35 99999 99999 14 
56 56 28 56 56 28 56 56 28 56 56 28 28 56 56 28 56 56 56 56 
48 24 24 48 48 48 24 48 48 48 48 24 24 48 48 48 24 48 24 48 
40 20 20 40 20 40 40 40 40 20 40 40 40 20 20 20 40 40 40 40 
24 32 32 32 24 16 24 24 24 32 24 99999 16 24 32 24 32 24 32 16 
48 48 48 48 48 48 48 48 48 48 24 48 24 48 48 48 48 48 48 48 
32 32 32 32 32 32 32 32 32 32 16 32 32 16 32 16 32 16 32 32 
72 72 72 72 72 36 72 72 72 36 72 72 72 72 72 72 72 72 36 72 
44 44 22 44 44 44 44 22 44 22 44 22 22 22 44 44 22 44 44 22 
76 76 76 76 38 76 38 76 76 76 38 38 76 76 76 38 76 76 76 38 
99999 99999 50 30 20 50 40 40 50 20 99999 30 20 99999 30 50 20 30 20 30 
38 38 76 76 38 76 76 38 38 38 76 38 38 76 76 38 76 38 76 76 
20 40 40 20 40 40 40 40 40 40 40 40 40 20 40 20 40 40 20 20 
44 44 44 44 44 44 44 44 44 44 44 44 44 44 44 44 22 22 22 44 
18 18 36 36 36 36 36 36 18 36 36 36 18 36 36 18 36 36 36 36 
88 88 44 88 88 88 44 44 88 88 88 88 44 44 88 88 88 88 88 88 
40 20 40 40 20 40 40 40 40 20 20 40 40 40 40 40 40 40 20 40 
28 28 28 14 28 28 28 28 28 28 28 14 28 14 28 28 28 14 28 28 
20 20 20 20 40 40 40 40 40 40 40 20 40 20 40 40 40 20 40 40 
36 72 72 72 72 36 36 36 36 72 72 72 72 72 72 72 72 72 72 72 
18 36 36 36 36 18 36 36 36 36 36 36 36 36 36 36 36 36 18 36 
24 24 48 48 48 48 24 48 24 48 48 48 48 48 24 48 48 48 48 48 
24 24 24 48 48 48 48 48 48 48 48 48 24 24 48 48 48 48 24 24 
40 40 40 40 20 40 40 40 40 20 40 40 20 40 40 20 20 40 40 40 
22 44 44 44 22 22 22 22 22 22 44 44 44 44 22 22 22 44 44 44 
72 72 36 72 36 72 72 72 36 72 36 72 36 36 72 36 72 72 72 36 
16 32 16 32 32 16 16 16 32 16 32 32 32 32 16 32 32 32 16 16 
44 44 44 44 44 44 44 44 44 44 44 44 22 44 44 44 44 22 44 44 
24 60 60 36 99999 36 60 60 99999 24 60 36 36 36 60 99999 99999 48 48 48 
76 76 38 76 38 76 76 76 76 76 38 76 76 76 76 76 76 76 76 76 
40 20 20 40 40 40 40 20 40 20 40 40 40 40 40 40 40 20 40 40 
40 24 24 32 16 40 40 40 40 16 16 24 99999 24 24 24 24 40 24 32 
38 38 38 76 76 76 76 76 76 38 38 76 76 76 76 76 76 76 76 76 
20 40 40 40 40 40 40 20 40 40 40 40 20 40 20 20 40 40 40 20 
16 16 32 16 16 16 32 16 16 16 16 16 32 32 32 16 32 32 32 16 
56 56 56 28 28 56 56 56 56 28 56 56 56 28 56 56 28 28 28 56 
14 14 28 14 28 28 28 28 14 28 28 28 28 28 14 28 28 14 28 14 
32 32 32 32 32 16 32 32 16 32 32 32 16 32 32 16 32 32 16 16 
60 48 24 99999 36 36 48 99999 99999 48 99999 99999 24 60 99999 36 24 99999 36 36 
56 56 56 56 56 56 28 56 56 56 56 56 56 56 56 56 28 56 28 56 
40 20 20 20 20 40 40 40 20 40 40 40 40 40 40 20 40 40 40 40 
76 38 38 38 76 38 76 76 76 76 76 76 38 76 38 76 76 38 76 76 
99999 40 32 32 16 40 40 40 16 40 24 16 24 24 99999 24 40 32 16 16 
40 40 40 40 40 20 40 20 40 40 20 40 40 40 20 40 40 40 20 40 
92 92 46 46 92 92 46 92 92 92 92 92 46 46 92 92 92 92 92 92 
40 40 40 40 40 80 80 80 80 80 40 80 80 80 40 80 80 80 40 40 
30 20 20 20 20 20 30 30 20 40 40 20 99999 30 30 50 30 40 40 40 
44 22 44 22 44 44 44 44 44 44 22 44 22 22 22 22 22 44 22 44 
76 38 38 76 76 76 76 76 38 38 76 38 76 76 76 38 76 76 76 76 
40 40 40 40 40 40 40 40 40 40 40 40 40 40 40 40 40 40 40 40 
99999 30 40 50 99999 20 20 99999 30 20 99999 99999 30 40 30 40 99999 30 50 20 
72 72 36 72 72 72 72 72 36 72 72 36 72 36 72 72 72 72 72 72 
48 48 48 48 48 48 24 48 48 48 48 24 48 24 48 48 24 48 48 48 
22 22 44 44 44 44 44 44 44 44 44 22 44 22 22 44 22 44 44 44 
44 44 88 44 88 88 44 44 44 88 88 88 88 88 88 88 88 88 44 88 
72 72 36 72 72 72 36 72 72 72 36 72 72 72 72 72 72 72 72 72 
92 92 92 92 92 92 92 92 92 46 92 92 46 92 92 92 92 46 92 92 
16 32 32 16 32 32 32 32 32 32 32 32 16 16 32 32 32 16 32 32 
44 22 22 22 22 44 44 44 44 22 22 44 44 44 22 44 44 44 44 44 
21 21 99999 99999 28 21 28 99999 21 28 14 21 28 35 14 28 21 21 14 14 
88 44 88 88 44 88 88 88 88 88 44 44 44 88 88 44 44 88 88 44 
24 24 40 24 99999 99999 99999 99999 16 24 16 99999 24 16 16 16 32 32 24 16 
16 24 32 24 24 99999 24 24 99999 24 32 24 24 16 24 16 16 24 24 24 
40 20 40 40 40 20 40 20 20 20 40 40 40 20 20 40 40 40 20 20 
40 40 40 40 40 40 40 40 40 40 20 40 20 20 40 20 40 40 20 40 
22 44 44 22 44 22 44 22 44 44 22 44 44 22 44 44 44 44 44 44 
40 40 40 20 40 40 40 20 20 40 20 20 40 40 40 40 40 40 40 40 
76 76 76 38 76 76 76 38 76 76 76 76 76 76 76 76 76 38 76 38 
46 92 46 92 46 92 46 92 92 46 46 92 92 92 92 46 92 46 46 46 
72 72 72 72 36 72 36 36 72 72 72 36 72 72 36 72 72 36 72 72 
48 48 24 48 48 24 48 48 24 24 24 48 24 48 48 24 24 48 48 48 
20 20 40 40 20 40 40 20 40 40 20 40 40 40 40 40 40 40 40 40 
35 14 14 21 28 14 35 21 99999 21 35 99999 14 28 21 28 21 99999 21 35 
8 16 16 8 16 16 16 16 16 8 8 16 16 8 8 16 8 16 8 16 
44 88 88 88 44 44 44 88 44 44 88 44 88 88 44 44 88 88 44 88 
6 12 12 12 6 12 12 12 6 6 12 12 12 12 12 6 12 12 6 12 
36 36 36 36 18 36 18 18 18 18 36 36 36 36 18 36 36 36 18 36 
16 16 16 32 16 16 32 32 16 32 32 16 32 32 32 16 16 32 32 16 
22 44 44 44 44 44 44 44 22 22 44 22 22 44 44 44 22 22 22 22 
40 40 20 40 40 20 20 40 20 20 20 40 20 40 40 40 40 40 20 40 
20 40 20 40 40 40 40 40 20 40 40 40 40 20 40 20 40 40 40 20 
76 76 76 76 76 76 76 76 76 76 38 76 38 38 76 38 38 76 38 38 
76 76 76 76 76 76 38 76 38 76 76 76 76 38 76 76 76 76 38 38 
40 20 40 40 40 40 40 40 40 40 40 40 40 40 40 20 20 40 40 20 
40 20 20 20 50 50 20 30 30 30 99999 30 40 30 30 30 50 99999 99999 40 
14 99999 21 21 14 35 28 14 28 35 35 99999 99999 21 35 14 99999 14 14 14 
20 20 20 40 40 20 40 40 20 20 40 40 40 40 40 40 40 20 40 20 
24 12 24 24 24 12 12 24 12 12 24 24 24 24 24 24 24 12 24 24 
21 21 35 35 21 35 21 21 21 35 21 21 14 21 28 99999 35 21 99999 21 
26 52 52 52 52 52 52 52 26 26 26 26 52 52 52 26 52 52 52 52 
40 20 40 20 40 40 20 40 40 40 40 40 40 20 40 40 40 40 40 40 
40 40 40 40 40 40 40 40 40 40 20 40 20 20 20 40 20 40 40 40 
88 88 88 88 44 88 44 88 88 88 88 88 44 88 88 88 44 88 44 88 
21 14 35 28 35 35 14 99999 14 14 99999 35 14 14 35 21 99999 14 21 35 
99999 20 40 20 30 50 99999 30 20 20 30 50 20 30 30 30 20 99999 30 20 
40 40 40 40 40 40 20 40 40 40 40 40 20 40 40 40 40 40 40 40 
40 40 20 20 20 20 40 40 20 40 40 40 40 40 40 20 40 20 20 40 
44 44 22 22 44 22 44 44 22 44 22 44 22 22 44 44 44 44 44 44 
40 20 20 40 40 20 40 20 40 40 40 20 40 40 40 40 20 20 20 40 
99999 14 14 99999 28 14 35 28 99999 14 28 14 14 99999 21 28 14 14 14 28 
16 16 16 16 16 16 16 16 16 16 16 16 8 8 16 16 16 8 16 16 
22 22 44 22 44 44 44 44 44 44 44 22 44 44 44 44 44 44 44 44 
44 44 44 44 44 44 44 44 44 44 44 22 22 44 22 44 44 44 22 44 
30 30 60 60 30 60 60 60 30 60 60 60 60 60 60 60 30 60 30 30 
46 92 92 92 46 92 92 92 92 92 92 46 46 46 46 92 46 92 92 92 
24 24 24 24 12 24 24 24 24 24 24 24 24 24 24 24 24 24 24 12 
44 44 88 44 44 44 88 88 88 44 88 88 44 44 44 88 88 88 44 88 
24 24 24 24 24 24 24 12 24 12 24 24 24 12 24 12 24 24 12 12 
40 40 40 20 40 40 20 40 40 20 40 40 40 40 40 40 40 40 40 40 
28 56 56 56 56 56 28 56 56 56 56 28 28 56 28 56 56 28 56 28 
40 40 40 40 20 40 40 20 40 40 40 20 40 20 40 20 40 40 20 20 
36 18 36 36 36 18 36 36 36 36 36 36 36 36 36 36 18 36 36 36 
88 88 88 88 88 44 88 88 88 44 88 88 88 44 88 88 88 88 44 88 
88 44 88 88 44 88 88 44 44 88 88 44 88 88 88 88 88 88 88 88 
40 40 40 40 20 40 20 40 40 20 40 40 20 20 40 20 40 40 40 40 
60 60 60 60 60 60 60 30 60 60 30 60 60 60 60 60 60 30 60 60 
40 40 40 40 40 40 20 20 20 20 40 40 40 40 20 40 40 40 40 20 
20 40 20 40 40 40 40 20 40 40 40 40 40 20 40 40 40 40 40 40 
72 36 72 36 72 72 72 72 72 36 36 36 72 72 72 36 72 72 72 72 
52 52 52 26 52 52 52 52 52 26 52 52 26 26 52 26 52 52 52 52 
20 40 40 40 20 40 40 40 40 40 20 40 20 40 40 20 40 20 20 40 
16 32 16 32 32 16 16 16 32 32 32 32 32 16 32 16 32 32 32 32 
22 44 44 44 22 44 22 44 22 44 22 44 44 44 44 44 44 44 44 44 
92 46 92 46 92 92 92 92 92 92 92 92 46 92 46 92 92 92 46 46 
80 40 80 40 40 40 80 80 80 40 80 40 80 80 40 80 40 80 80 80 
44 44 44 44 44 44 44 22 44 44 22 44 22 22 44 44 44 22 22 44 
32 32 16 32 32 32 16 16 32 16 16 32 32 16 32 32 32 32 32 32 
20 20 20 40 40 20 40 40 40 20 20 40 40 40 40 20 20 40 40 40 
38 76 38 76 76 76 76 76 76 76 76 76 76 76 76 76 76 76 76 38 
32 32 99999 24 99999 24 24 16 99999 24 16 16 16 24 99999 16 40 40 16 24 
22 22 44 44 44 44 44 44 22 44 44 44 22 44 44 22 44 44 44 44 
56 28 28 28 56 56 56 56 56 56 28 56 56 28 28 28 56 56 56 56 
72 72 72 72 72 36 72 36 36 72 72 72 36 72 72 72 72 36 72 72 
20 99999 40 20 20 20 30 30 30 40 30 50 50 40 20 30 20 20 99999 30 
28 28 28 14 14 28 28 28 14 14 28 28 28 28 28 28 28 28 14 28 
22 44 44 44 44 22 44 22 44 22 22 44 22 44 22 22 44 22 44 44 
76 76 76 76 76 76 76 38 76 38 38 76 38 76 76 38 76 76 76 38 
72 72 72 36 72 72 72 36 36 72 72 36 36 72 72 36 72 72 36 72 
12 6 12 12 12 12 12 12 12 6 12 12 12 6 12 12 12 12 6 6 
21 35 14 21 35 21 35 14 21 21 99999 35 35 99999 99999 21 28 99999 28 35 
22 44 44 44 44 44 44 44 44 44 44 44 44 22 22 44 44 44 44 44 
24 24 24 12 24 24 24 24 24 24 12 24 24 24 12 24 12 24 24 24 
76 76 76 76 76 76 76 76 76 76 76 76 76 76 38 76 38 76 76 76 
16 24 24 24 16 16 32 16 16 40 32 32 32 40 16 24 16 24 99999 24 
40 40 40 40 40 40 40 20 40 40 40 40 40 40 20 40 20 20 40 40 
36 18 36 36 18 36 36 36 36 36 36 18 36 18 36 18 36 18 36 36 
72 72 72 36 72 36 72 72 36 72 36 36 36 36 72 72 72 36 36 72 
40 40 40 40 40 40 40 40 40 40 40 40 40 20 40 40 20 40 40 40 
12 24 24 24 12 24 24 24 24 24 24 24 24 24 24 12 24 24 12 12 
28 56 28 56 56 56 28 28 56 56 28 56 56 56 28 56 56 56 56 28 
24 48 24 48 48 48 48 48 48 48 24 48 48 48 48 48 48 48 48 48 
40 40 20 40 40 40 40 40 20 40 40 40 20 40 40 20 40 40 20 40 
92 92 92 46 46 92 92 92 46 92 92 92 92 92 92 92 46 92 92 92 
38 76 76 76 38 76 76 38 38 76 38 76 38 76 76 38 38 38 76 76 
32 16 32 32 16 16 16 32 32 32 32 16 32 32 16 32 16 16 16 32 
20 20 20 20 40 40 20 40 40 40 40 40 20 20 20 40 40 20 40 20 
22 22 44 44 22 44 22 44 44 22 44 44 44 44 44 22 22 22 44 22 
88 88 44 88 88 88 88 88 44 88 88 44 88 88 88 44 88 88 44 88 
36 36 18 36 36 36 18 36 36 36 18 18 36 36 36 18 18 36 36 18 
24 24 12 24 12 12 24 24 24 24 12 12 24 12 12 12 12 24 24 24 
16 99999 16 16 32 24 24 24 40 99999 24 40 24 32 40 40 24 40 16 24 
40 20 40 40 40 20 40 40 40 40 40 40 40 40 40 40 40 40 40 40 
40 40 20 40 40 40 40 40 40 40 40 20 40 40 20 40 20 40 40 40 
22 22 44 44 44 22 44 44 44 44 44 44 22 44 44 22 44 44 22 44 
32 32 32 16 16 32 32 32 32 32 16 32 16 32 16 32 32 32 32 32 
28 14 28 14 28 28 14 14 28 28 28 28 28 28 28 28 28 28 28 14 
56 56 28 56 28 28 28 56 56 28 56 56 56 56 56 28 56 28 56 56 
46 92 92 92 92 92 46 46 92 46 46 46 92 92 92 46 92 46 92 92 
36 18 36 36 36 36 36 36 36 36 36 18 18 36 36 36 36 36 36 18 
32 32 32 32 16 32 16 16 16 32 16 32 16 32 32 16 16 16 32 16 
44 44 44 44 44 44 44 22 44 44 44 44 44 44 22 44 44 44 44 22 
60 30 60 60 30 60 30 60 30 60 60 60 60 60 60 60 30 60 60 60 
14 21 14 21 21 21 14 21 14 35 21 99999 21 14 21 99999 99999 14 21 99999 
32 40 24 99999 99999 16 99999 99999 16 99999 16 99999 24 24 99999 32 16 40 32 24 
40 20 40 20 20 20 40 40 40 20 40 40 40 40 40 40 40 40 40 40 
40 40 40 40 40 40 40 40 40 40 40 40 40 20 40 40 40 40 40 40 
28 14 28 14 28 14 28 28 28 14 28 28 28 28 28 28 28 14 28 28 
40 40 40 20 40 40 40 40 20 40 40 20 40 20 40 20 40 40 20 40 
16 8 16 16 8 8 16 16 16 16 16 8 16 16 8 8 16 8 16 8 
60 30 60 60 60 30 60 60 30 60 60 60 30 60 30 60 60 60 60 60 
26 52 26 52 52 26 26 52 52 52 26 52 26 52 52 26 26 52 52 52 
48 24 24 48 48 24 24 48 24 48 48 48 48 48 48 48 24 48 48 48 
32 32 16 16 32 32 32 32 32 32 32 32 32 32 32 16 32 32 32 16 
56 28 56 56 56 28 56 28 56 56 56 56 56 56 56 56 56 28 56 56 
12 6 12 12 6 12 12 12 6 12 12 12 12 12 6 12 6 12 6 12 
21 99999 28 14 21 21 28 28 35 99999 21 14 21 99999 35 99999 14 21 14 28 
16 24 24 99999 16 24 24 40 16 99999 32 32 99999 16 16 40 16 24 16 40 
26 52 52 52 26 52 52 26 52 52 52 52 52 26 26 52 26 52 52 52 
32 16 16 24 99999 32 32 99999 16 99999 24 16 99999 32 16 99999 40 16 24 99999 
600 600 600 600 600 600 600 600 600 600 600 600 600 600 600 600 600 600 600 600 
600 600 600 600 600 600 600 600 600 600 600 600 600 600 600 600 600 600 600 600 600 600 600 600 600 600 600 600 600 600 600 600 600 600 600 600 600 600 600 600 600 600 600 600 600 600 600 600 600 600 600 600 600 600 600 600 600 600 600 600 600 600 600 600 600 600 600 600 600 600 600 600 600 600 600 600 600 600 600 600 600 600 600 600 600 600 600 600 600 600 600 600 600 600 600 600 600 600 600 600 600 600 600 600 600 600 600 600 600 600 600 600 600 600 600 600 600 600 600 600 600 600 600 600 600 600 600 600 600 600 600 600 600 600 600 600 600 600 600 600 600 600 600 600 600 600 600 600 600 600 600 600 600 600 600 600 600 600 600 600 600 600 600 600 600 600 600 600 600 600 600 600 600 600 600 600 600 600 600 600 600 600 600 600 600 600 600 600 600 600 600 600 600 600 600 600 600 600 600 600 600 600 600 600 600 600 600 600 600 600 600 600 600 600 600 600 600 600 600 600 600 600 600 600 600 600 600 600 600 600 600 600 600 600 600 600 600 600 600 600 600 600 600 600 600 600 600 600 600 600 1 1 1 1 1 1 1 1 1 1 1 1 1 1 1 1 1 1 1 1 1 1 1 1 1 1 1 1 1 1 1 1 1 1 1 1 1 1 1 1 1 1 1 1 1 1 1 1 1 1 1 1 1 1 1 1 1 1 1 1 1 1 1 1 1 1 1 1 1 1 1 1 1 1 1 1 1 1 1 1 1 1 1 1 1 1 1 1 1 1 1 1 1 1 1 1 1 1 1 1 1 1 1 1 1 1 1 1 1 1 1 1 1 1 1 1 1 1 1 1 1 1 1 1 1 1 1 1 1 1 1 1 1 1 1 1 1 1 1 1 1 1 1 1 1 1 1 1 1 1 1 1 1 1 1 1 1 1 1 1 1 1 1 1 1 1 1 1 1 1 1 1 1 1 1 1 1 1 1 1 1 1 1 1 1 1 1 1 1 1 1 1 1 1 1 1 1 1 1 1 1 1 1 1 1 1 1 1 1 1 1 1 1 1 1 1 1 1 1 1 1 1 1 1 1 1 1 1 1 1 1 1 1 1 1 1 1 1 1 1 1 1 1 1 1 1 1 1 1 1 