200
15
42 135 65 40 19 111 136 40 62 30 50 100 40 43 122 96 135 40 130 10 30 82 97 81 114 87 136 42 10 30 135 43 36 62 81 19 19 96 40 81 87 25 50 43 62 40 107 82 43 10 19 81 65 81 50 65 10 19 10 40 77 65 97 35 50 35 42 40 107 81 10 40 136 25 62 95 81 19 19 35 65 82 114 136 114 19 135 81 82 35 42 30 65 62 19 114 122 42 114 122 35 50 10 96 30 111 111 40 10 77 97 35 95 65 42 50 96 107 111 135 30 136 19 10 65 96 96 135 35 100 10 62 40 114 62 107 50 65 122 107 10 2 50 95 135 40 25 30 43 10 130 50 82 81 19 65 122 100 19 43 36 50 36 50 107 107 114 65 82 65 96 62 42 82 122 10 42 40 30 2 96 111 50 25 19 81 10 62 114 81 62 62 96 25 19 87 135 50 136 50 
12 12 12 12 12 12 12 12 12 12 12 12 12 12 12 
22 44 44 44 44 44 44 22 44 44 22 44 44 22 44 
30 60 60 60 30 60 60 60 30 60 60 60 60 30 60 
60 60 60 60 60 30 60 60 60 60 60 60 30 60 60 
32 32 32 32 32 32 32 16 32 32 32 32 32 32 16 
48 48 24 48 24 48 48 48 48 48 48 48 48 48 48 
28 28 14 28 28 28 14 28 28 28 14 28 28 14 28 
52 52 52 26 52 52 52 52 52 26 52 52 52 52 52 
28 28 28 28 28 14 14 28 28 28 28 28 28 14 28 
99999 28 99999 35 14 35 99999 14 21 99999 99999 99999 21 21 99999 
18 36 36 18 36 36 36 36 36 36 36 18 36 36 36 
36 36 36 36 36 36 36 36 36 36 36 36 36 36 36 
60 60 60 60 60 60 60 60 60 60 60 60 60 60 60 
32 32 32 32 32 32 32 16 32 32 32 16 16 32 32 
48 48 48 48 48 48 48 48 48 24 48 48 48 48 48 
48 48 48 48 48 48 24 48 48 48 48 48 48 48 48 
12 12 12 6 12 12 12 12 12 12 6 12 6 12 12 
36 36 36 18 36 36 36 18 36 36 36 36 18 36 18 
32 32 32 16 16 32 32 32 32 32 32 32 32 32 32 
60 60 60 60 60 60 60 60 60 60 60 30 30 60 60 
28 14 28 28 28 28 28 28 28 28 28 14 14 28 28 
27 99999 99999 99999 27 18 45 18 27 99999 36 99999 27 99999 27 
12 12 6 12 12 12 12 12 12 12 12 12 12 12 12 
32 32 32 32 16 16 32 32 16 32 32 32 32 32 32 
18 36 36 36 36 36 36 36 18 36 36 18 36 36 18 
28 28 28 28 28 14 28 28 14 14 28 28 14 28 28 
46 92 46 46 92 92 92 92 92 92 92 92 92 92 92 
18 18 36 36 36 36 36 36 36 36 36 36 36 36 18 
32 32 16 32 32 32 32 32 32 16 32 32 32 16 32 
36 18 36 36 18 36 36 36 36 36 36 18 36 36 36 
36 36 36 36 18 18 36 36 18 36 36 18 36 36 36 
26 52 52 52 52 52 26 52 52 52 26 26 52 52 52 
60 60 60 30 60 60 60 60 60 60 30 60 60 60 60 
48 48 48 24 48 48 48 24 48 48 48 48 48 24 48 
54 36 54 36 72 54 99999 99999 99999 54 99999 99999 54 99999 36 
20 40 40 40 40 40 40 40 40 40 40 40 40 40 40 
36 36 36 36 18 18 36 36 36 36 36 36 36 36 36 
32 32 32 16 32 16 32 32 16 32 32 32 32 32 32 
32 32 16 32 32 32 32 16 32 32 32 16 16 32 32 
60 60 60 30 60 60 60 30 60 60 60 60 60 60 60 
48 48 24 48 48 24 48 48 48 48 48 24 24 48 48 
88 88 88 88 88 88 88 88 88 88 88 88 88 88 88 
60 60 60 30 30 60 60 60 60 30 60 60 60 60 60 
36 36 36 36 36 36 36 36 36 18 36 18 36 36 36 
44 22 44 22 44 22 22 44 44 44 44 22 44 44 44 
12 12 12 12 12 12 12 12 6 12 12 12 6 12 12 
48 48 24 48 48 48 48 48 48 48 48 48 24 24 48 
12 12 12 12 12 12 12 12 12 12 12 12 12 12 12 
39 26 26 65 99999 39 26 26 99999 99999 39 99999 99999 39 39 
60 30 30 60 60 60 60 60 60 60 60 60 60 60 30 
14 28 14 28 14 28 28 28 28 28 28 14 28 28 28 
60 60 60 30 60 60 60 60 60 30 60 60 60 60 60 
28 28 28 28 28 28 28 28 14 28 14 28 28 28 28 
24 48 48 24 24 48 48 48 48 48 24 24 48 48 48 
28 28 14 28 28 28 28 28 14 28 28 28 28 28 28 
88 88 88 44 88 88 88 88 88 88 88 88 88 88 88 
22 44 44 44 44 44 22 44 44 22 44 44 44 22 44 
48 48 48 48 48 48 48 48 48 48 48 24 48 48 48 
28 28 28 28 28 28 28 28 28 14 28 14 28 28 28 
14 28 14 28 14 14 28 28 28 28 28 28 28 28 14 
32 32 32 16 32 32 32 32 32 32 32 16 32 32 16 
52 52 52 52 52 52 52 52 26 52 26 52 52 52 52 
32 32 32 32 32 32 16 32 32 32 32 32 16 32 32 
52 52 26 52 52 26 52 52 52 52 52 52 52 52 52 
36 36 36 18 36 18 36 36 36 18 36 18 18 36 36 
48 48 48 48 24 48 48 48 48 48 48 48 24 48 48 
88 88 88 88 88 88 88 44 88 88 88 88 88 88 88 
99999 99999 21 99999 21 14 28 99999 99999 99999 14 14 14 21 99999 
36 36 36 36 18 36 36 36 18 36 36 36 36 36 36 
36 36 18 36 18 36 36 18 18 18 36 36 36 36 36 
65 26 52 52 99999 26 99999 52 65 39 99999 99999 65 65 99999 
92 92 92 46 92 46 92 92 46 46 92 92 92 92 92 
24 24 48 48 48 48 48 24 48 24 48 48 48 48 48 
36 36 36 36 18 36 36 36 36 36 36 36 36 36 36 
60 60 60 60 30 60 60 30 60 60 60 60 60 60 60 
26 99999 26 39 99999 52 99999 99999 99999 26 52 65 26 52 99999 
18 36 36 36 36 36 36 36 18 36 36 36 36 18 36 
60 60 60 60 60 60 60 30 60 60 60 60 60 60 30 
40 40 40 40 40 20 40 20 40 40 20 40 40 20 40 
52 52 52 52 26 52 26 52 52 52 52 26 52 52 52 
16 32 32 16 32 32 32 32 32 16 32 32 16 32 32 
99999 39 99999 39 39 52 26 99999 99999 65 26 39 65 99999 39 
36 36 36 36 36 36 36 36 36 36 18 36 36 36 36 
30 60 60 60 30 60 30 60 60 60 60 60 60 60 30 
28 14 28 28 28 28 14 28 28 28 28 28 14 28 28 
64 32 64 32 32 64 32 64 64 32 64 64 32 64 64 
99999 36 18 18 18 99999 27 27 27 18 99999 27 99999 99999 36 
88 88 44 88 88 88 88 44 88 88 88 88 88 88 88 
48 48 48 48 48 48 48 24 48 48 48 48 24 48 48 
32 32 32 32 16 32 32 32 32 32 32 32 32 16 32 
60 60 60 60 60 60 60 60 60 60 30 60 30 30 60 
32 32 32 16 16 32 16 32 32 32 32 16 32 32 32 
18 18 36 36 36 18 36 36 36 36 36 36 36 18 18 
16 32 32 16 16 32 32 32 16 32 32 32 16 32 32 
60 60 60 60 60 30 60 60 60 60 60 60 30 60 60 
20 20 10 20 20 20 20 20 20 20 20 20 20 10 20 
52 52 52 26 26 26 52 26 52 26 26 26 52 52 52 
52 52 26 52 26 52 26 52 52 52 52 52 52 52 52 
27 99999 99999 18 18 99999 99999 99999 99999 36 99999 27 36 27 27 
28 28 14 28 14 28 14 14 28 28 28 28 28 28 28 
30 30 20 50 99999 99999 99999 20 99999 50 20 20 20 99999 20 
60 60 60 30 60 60 60 60 60 60 60 60 60 60 60 
44 22 44 44 22 44 44 22 44 44 44 44 44 44 44 
60 60 60 60 60 60 60 30 60 60 60 60 60 60 60 
52 52 99999 52 65 99999 99999 52 26 99999 99999 39 26 26 99999 
60 60 60 60 60 60 60 60 60 60 30 60 60 60 60 
44 44 44 22 44 44 44 44 44 44 44 22 44 22 44 
40 40 20 20 40 40 40 20 40 20 40 40 40 40 40 
28 28 28 14 28 28 28 28 14 28 28 14 28 28 28 
48 48 48 48 48 48 48 48 48 24 48 48 24 48 48 
40 99999 30 30 40 20 20 20 99999 20 20 99999 20 99999 20 
40 40 40 40 40 20 40 40 40 40 40 20 40 40 40 
18 36 36 36 18 36 36 36 36 36 36 36 36 36 36 
52 52 52 52 52 52 52 52 52 52 52 26 26 52 52 
12 12 12 12 12 12 6 12 12 12 12 12 12 6 12 
48 48 48 24 48 48 48 24 48 48 48 24 24 48 48 
32 32 16 32 16 32 32 32 32 32 16 32 32 32 32 
20 20 20 20 20 20 20 20 20 20 20 20 20 20 20 
48 48 48 48 24 48 48 48 48 48 48 24 48 48 24 
88 88 44 88 88 88 88 88 88 88 88 88 88 88 88 
36 18 36 36 36 18 36 36 36 36 36 36 36 36 36 
28 28 14 28 14 28 28 28 28 14 28 28 28 28 28 
60 60 60 60 60 60 60 60 60 60 60 30 30 60 60 
60 60 60 60 60 60 60 60 60 60 60 60 60 60 60 
60 60 60 60 60 60 30 60 60 60 30 60 60 60 60 
27 18 99999 18 45 18 45 99999 36 27 36 27 45 18 99999 
32 32 32 32 32 32 16 32 32 16 32 32 32 32 32 
92 92 92 92 92 92 46 92 92 46 46 92 92 92 92 
30 60 60 60 60 60 60 60 60 60 60 30 60 60 30 
48 48 48 48 24 48 48 48 48 48 24 48 48 48 24 
88 88 88 88 88 44 88 88 88 88 88 88 88 44 88 
54 72 36 90 99999 99999 99999 36 99999 99999 99999 99999 54 54 90 
26 65 26 99999 26 39 52 65 26 99999 26 99999 39 26 99999 
28 28 14 28 28 28 14 28 28 14 28 28 14 28 28 
48 24 48 48 48 48 24 48 48 48 48 48 24 48 48 
60 60 60 60 60 60 60 60 60 60 60 60 60 60 30 
20 10 10 20 20 20 20 20 20 10 20 20 20 20 20 
32 32 32 32 32 32 32 16 32 32 32 32 32 16 16 
60 30 60 60 60 60 60 60 60 30 60 60 60 30 60 
72 36 36 54 54 72 90 90 99999 72 54 54 90 36 99999 
40 20 40 40 40 40 40 40 40 40 40 40 40 40 40 
36 36 36 45 99999 99999 18 99999 45 36 36 18 99999 45 18 
52 52 52 52 52 52 52 52 26 52 52 26 52 26 52 
21 99999 21 21 99999 99999 99999 99999 14 99999 99999 99999 99999 28 99999 
60 60 60 60 60 60 60 60 60 60 60 60 30 60 60 
18 18 99999 18 99999 45 27 99999 36 18 99999 45 27 45 18 
36 36 36 18 36 36 36 36 36 36 18 36 36 36 36 
32 32 32 32 32 16 32 32 32 32 32 32 16 32 32 
52 52 52 52 52 52 52 52 26 26 52 52 52 52 26 
46 92 92 92 92 46 46 92 92 92 92 46 46 92 92 
36 18 36 18 36 18 36 18 18 36 36 36 18 18 36 
28 28 28 28 14 28 28 28 28 28 28 28 28 28 28 
28 28 28 28 28 28 28 28 28 28 14 28 14 28 14 
22 44 44 44 22 44 44 44 44 44 44 44 44 44 44 
65 99999 26 99999 52 39 99999 39 99999 99999 39 39 52 39 99999 
30 99999 30 99999 40 40 99999 99999 99999 20 40 99999 30 30 99999 
99999 65 99999 26 39 99999 26 99999 99999 65 99999 52 99999 39 99999 
32 32 32 32 32 32 16 16 32 32 16 32 16 32 32 
52 26 52 52 52 52 52 52 52 52 52 52 52 52 52 
48 24 48 24 48 48 24 48 48 48 48 48 48 24 24 
99999 99999 99999 27 99999 99999 18 27 27 27 36 99999 18 99999 99999 
48 48 48 48 48 48 48 24 48 48 48 48 24 48 48 
30 20 30 30 40 40 50 20 50 99999 99999 20 20 30 99999 
30 60 60 60 30 60 60 30 60 60 60 60 30 60 60 
40 40 40 40 40 20 40 40 40 20 40 40 40 40 40 
28 28 28 28 28 28 28 28 28 28 28 14 28 28 28 
28 28 28 14 28 28 28 28 28 14 28 28 28 28 28 
48 48 48 48 24 48 48 24 24 48 48 48 48 48 48 
28 28 28 28 28 28 28 14 28 28 14 14 28 28 28 
64 64 32 64 64 64 64 64 32 64 64 64 64 32 64 
48 48 48 48 48 48 48 48 24 48 48 48 48 48 24 
30 20 99999 99999 50 50 20 30 99999 20 99999 99999 30 30 50 
24 48 24 48 24 48 48 48 48 48 48 24 24 48 48 
46 92 92 92 92 92 92 46 46 92 92 92 46 46 92 
24 48 48 48 48 48 48 24 48 48 48 48 48 24 24 
24 48 48 48 48 48 24 48 48 48 48 48 48 48 24 
32 32 16 32 32 32 32 16 32 32 32 32 32 32 32 
35 99999 99999 14 99999 21 99999 21 14 35 14 99999 99999 99999 35 
36 18 18 36 18 18 36 36 36 36 36 36 18 36 18 
28 14 28 14 14 28 28 28 28 28 28 28 28 14 28 
28 28 28 28 28 28 14 28 28 28 28 28 14 28 28 
99999 36 45 45 99999 99999 45 45 18 99999 18 36 99999 99999 18 
30 60 30 30 60 30 60 60 30 60 60 30 60 60 60 
52 52 52 26 52 52 52 52 26 52 52 26 52 52 52 
20 20 20 20 20 10 20 10 20 20 20 20 20 20 10 
28 28 14 28 28 28 28 28 28 28 28 28 28 28 28 
39 52 99999 26 26 39 26 39 99999 26 39 99999 52 99999 26 
60 30 60 60 60 60 60 60 30 60 30 60 60 60 60 
44 22 44 44 44 22 44 44 44 44 44 22 22 44 44 
28 14 28 28 28 28 28 28 28 28 28 28 28 28 14 
48 48 24 48 48 48 48 48 24 48 48 48 48 24 48 
48 48 48 48 24 48 48 48 48 48 48 48 24 48 24 
40 40 40 40 20 40 40 40 40 40 20 40 40 40 40 
14 28 28 28 28 14 14 28 28 28 28 28 14 28 14 
40 40 40 40 40 40 40 40 40 40 40 20 40 40 20 
60 60 60 30 60 30 60 30 60 60 60 60 30 60 60 
36 36 36 36 36 36 36 36 36 36 36 36 18 36 18 
32 32 16 32 32 32 32 32 32 32 32 32 32 32 16 
48 48 48 48 48 48 24 24 48 48 48 48 48 48 48 
52 52 52 52 26 52 26 52 52 26 52 26 52 52 26 
32 32 32 16 32 32 32 32 32 32 32 32 16 32 32 
600 600 600 600 600 600 600 600 600 600 600 600 600 600 600 
600 600 600 600 600 600 600 600 600 600 600 600 600 600 600 600 600 600 600 600 600 600 600 600 600 600 600 600 600 600 600 600 600 600 600 600 600 600 600 600 600 600 600 600 600 600 600 600 600 600 600 600 600 600 600 600 600 600 600 600 600 600 600 600 600 600 600 600 600 600 600 600 600 600 600 600 600 600 600 600 600 600 600 600 600 600 600 600 600 600 600 600 600 600 600 600 600 600 600 600 600 600 600 600 600 600 600 600 600 600 600 600 600 600 600 600 600 600 600 600 600 600 600 600 600 600 600 600 600 600 600 600 600 600 600 600 600 600 600 600 600 600 600 600 600 600 600 600 600 600 600 600 600 600 600 600 600 600 600 600 600 600 600 600 600 600 600 600 600 600 600 600 600 600 600 600 600 600 600 600 600 600 600 600 600 600 600 600 600 600 600 600 600 600 600 600 600 600 600 600 1 1 1 1 1 1 1 1 1 1 1 1 1 1 1 1 1 1 1 1 1 1 1 1 1 1 1 1 1 1 1 1 1 1 1 1 1 1 1 1 1 1 1 1 1 1 1 1 1 1 1 1 1 1 1 1 1 1 1 1 1 1 1 1 1 1 1 1 1 1 1 1 1 1 1 1 1 1 1 1 1 1 1 1 1 1 1 1 1 1 1 1 1 1 1 1 1 1 1 1 1 1 1 1 1 1 1 1 1 1 1 1 1 1 1 1 1 1 1 1 1 1 1 1 1 1 1 1 1 1 1 1 1 1 1 1 1 1 1 1 1 1 1 1 1 1 1 1 1 1 1 1 1 1 1 1 1 1 1 1 1 1 1 1 1 1 1 1 1 1 1 1 1 1 1 1 1 1 1 1 1 1 1 1 1 1 1 1 1 1 1 1 1 1 1 1 1 1 1 1 