200
15
135 96 42 87 71 17 101 87 49 55 62 116 87 115 102 91 96 87 100 77 55 123 4 117 69 15 101 135 53 55 96 115 117 22 117 2 71 91 87 117 15 56 62 115 105 87 4 123 115 53 71 117 106 117 99 106 53 71 77 87 82 106 4 11 99 11 135 87 4 117 77 87 101 56 105 59 117 71 2 11 106 123 69 101 69 2 96 117 123 11 135 55 42 22 71 69 102 135 69 102 11 62 77 91 55 17 17 87 53 82 4 11 59 106 135 62 108 4 17 96 55 101 2 77 42 91 108 96 11 116 77 49 87 69 22 4 62 42 102 4 53 121 62 59 96 87 56 55 115 53 100 99 123 117 2 106 102 116 71 115 117 62 117 99 4 4 69 106 123 42 108 22 135 123 102 77 135 87 55 121 108 17 62 56 71 117 77 105 69 117 105 49 91 56 2 15 96 62 101 99 
12 12 12 12 12 12 12 12 12 12 12 12 12 12 12 
14 28 28 28 28 28 28 14 28 28 14 28 28 14 28 
40 80 80 80 40 80 80 80 40 80 80 80 80 40 80 
80 80 80 80 80 40 80 80 80 80 80 80 40 80 80 
68 68 68 68 68 68 68 34 68 68 68 68 68 68 34 
32 32 16 32 16 32 32 32 32 32 32 32 32 32 32 
32 32 16 32 32 32 16 32 32 32 16 32 32 16 32 
36 36 36 18 36 36 36 36 36 18 36 36 36 36 36 
92 92 92 92 92 46 46 92 92 92 92 92 92 46 92 
99999 52 99999 65 26 65 99999 26 39 99999 99999 99999 39 39 99999 
20 40 40 20 40 40 40 40 40 40 40 20 40 40 40 
60 60 60 60 60 60 60 60 60 60 60 60 60 60 60 
40 40 40 40 40 40 40 40 40 40 40 40 40 40 40 
56 56 56 56 56 56 56 28 56 56 56 28 28 56 56 
32 32 32 32 32 32 32 32 32 16 32 32 32 32 32 
24 24 24 24 24 24 12 24 24 24 24 24 24 24 24 
44 44 44 22 44 44 44 44 44 44 22 44 22 44 44 
88 88 88 44 88 88 88 44 88 88 88 88 44 88 44 
40 40 40 20 20 40 40 40 40 40 40 40 40 40 40 
20 20 20 20 20 20 20 20 20 20 20 10 10 20 20 
88 44 88 88 88 88 88 88 88 88 88 44 44 88 88 
30 99999 99999 99999 30 20 50 20 30 99999 40 99999 30 99999 30 
44 44 22 44 44 44 44 44 44 44 44 44 44 44 44 
56 56 56 56 28 28 56 56 28 56 56 56 56 56 56 
44 88 88 88 88 88 88 88 44 88 88 44 88 88 44 
88 88 88 88 88 44 88 88 44 44 88 88 44 88 88 
12 24 12 12 24 24 24 24 24 24 24 24 24 24 24 
44 44 88 88 88 88 88 88 88 88 88 88 88 88 44 
68 68 34 68 68 68 68 68 68 34 68 68 68 34 68 
60 30 60 60 30 60 60 60 60 60 60 30 60 60 60 
88 88 88 88 44 44 88 88 44 88 88 44 88 88 88 
18 36 36 36 36 36 18 36 36 36 18 18 36 36 36 
20 20 20 10 20 20 20 20 20 20 10 20 20 20 20 
12 12 12 6 12 12 12 6 12 12 12 12 12 6 12 
24 16 24 16 32 24 99999 99999 99999 24 99999 99999 24 99999 16 
20 40 40 40 40 40 40 40 40 40 40 40 40 40 40 
40 40 40 40 20 20 40 40 40 40 40 40 40 40 40 
40 40 40 20 40 20 40 40 20 40 40 40 40 40 40 
40 40 20 40 40 40 40 20 40 40 40 20 20 40 40 
40 40 40 20 40 40 40 20 40 40 40 40 40 40 40 
12 12 6 12 12 6 12 12 12 12 12 6 6 12 12 
32 32 32 32 32 32 32 32 32 32 32 32 32 32 32 
40 40 40 20 20 40 40 40 40 20 40 40 40 40 40 
60 60 60 60 60 60 60 60 60 30 60 30 60 60 60 
20 10 20 10 20 10 10 20 20 20 20 10 20 20 20 
44 44 44 44 44 44 44 44 22 44 44 44 22 44 44 
32 32 16 32 32 32 32 32 32 32 32 32 16 16 32 
44 44 44 44 44 44 44 44 44 44 44 44 44 44 44 
21 14 14 35 99999 21 14 14 99999 99999 21 99999 99999 21 21 
20 10 10 20 20 20 20 20 20 20 20 20 20 20 10 
16 32 16 32 16 32 32 32 32 32 32 16 32 32 32 
32 32 32 16 32 32 32 32 32 16 32 32 32 32 32 
32 32 32 32 32 32 32 32 16 32 16 32 32 32 32 
24 48 48 24 24 48 48 48 48 48 24 24 48 48 48 
92 92 46 92 92 92 92 92 46 92 92 92 92 92 92 
32 32 32 16 32 32 32 32 32 32 32 32 32 32 32 
14 28 28 28 28 28 14 28 28 14 28 28 28 14 28 
48 48 48 48 48 48 48 48 48 48 48 24 48 48 48 
92 92 92 92 92 92 92 92 92 46 92 46 92 92 92 
16 32 16 32 16 16 32 32 32 32 32 32 32 32 16 
68 68 68 34 68 68 68 68 68 68 68 34 68 68 34 
44 44 44 44 44 44 44 44 22 44 22 44 44 44 44 
40 40 40 40 40 40 20 40 40 40 40 40 20 40 40 
44 44 22 44 44 22 44 44 44 44 44 44 44 44 44 
28 28 28 14 28 14 28 28 28 14 28 14 14 28 28 
12 12 12 12 6 12 12 12 12 12 12 12 6 12 12 
32 32 32 32 32 32 32 16 32 32 32 32 32 32 32 
99999 99999 39 99999 39 26 52 99999 99999 99999 26 26 26 39 99999 
88 88 88 88 44 88 88 88 44 88 88 88 88 88 88 
28 28 14 28 14 28 28 14 14 14 28 28 28 28 28 
35 14 28 28 99999 14 99999 28 35 21 99999 99999 35 35 99999 
24 24 24 12 24 12 24 24 12 12 24 24 24 24 24 
24 24 48 48 48 48 48 24 48 24 48 48 48 48 48 
88 88 88 88 44 88 88 88 88 88 88 88 88 88 88 
40 40 40 40 20 40 40 20 40 40 40 40 40 40 40 
14 99999 14 21 99999 28 99999 99999 99999 14 28 35 14 28 99999 
44 88 88 88 88 88 88 88 44 88 88 88 88 44 88 
32 32 32 32 32 32 32 16 32 32 32 32 32 32 16 
40 40 40 40 40 20 40 20 40 40 20 40 40 20 40 
36 36 36 36 18 36 18 36 36 36 36 18 36 36 36 
34 68 68 34 68 68 68 68 68 34 68 68 34 68 68 
99999 21 99999 21 21 28 14 99999 99999 35 14 21 35 99999 21 
88 88 88 88 88 88 88 88 88 88 44 88 88 88 88 
20 40 40 40 20 40 20 40 40 40 40 40 40 40 20 
24 12 24 24 24 24 12 24 24 24 24 24 12 24 24 
36 18 36 18 18 36 18 36 36 18 36 36 18 36 36 
99999 40 20 20 20 99999 30 30 30 20 99999 30 99999 99999 40 
32 32 16 32 32 32 32 16 32 32 32 32 32 32 32 
32 32 32 32 32 32 32 16 32 32 32 32 16 32 32 
40 40 40 40 20 40 40 40 40 40 40 40 40 20 40 
80 80 80 80 80 80 80 80 80 80 40 80 40 40 80 
56 56 56 28 28 56 28 56 56 56 56 28 56 56 56 
44 44 88 88 88 44 88 88 88 88 88 88 88 44 44 
20 40 40 20 20 40 40 40 20 40 40 40 20 40 40 
20 20 20 20 20 10 20 20 20 20 20 20 10 20 20 
28 28 14 28 28 28 28 28 28 28 28 28 28 14 28 
36 36 36 18 18 18 36 18 36 18 18 18 36 36 36 
36 36 18 36 18 36 18 36 36 36 36 36 36 36 36 
30 99999 99999 20 20 99999 99999 99999 99999 40 99999 30 40 30 30 
92 92 46 92 46 92 46 46 92 92 92 92 92 92 92 
30 30 20 50 99999 99999 99999 20 99999 50 20 20 20 99999 20 
40 40 40 20 40 40 40 40 40 40 40 40 40 40 40 
28 14 28 28 14 28 28 14 28 28 28 28 28 28 28 
80 80 80 80 80 80 80 40 80 80 80 80 80 80 80 
28 28 99999 28 35 99999 99999 28 14 99999 99999 21 14 14 99999 
80 80 80 80 80 80 80 80 80 80 40 80 80 80 80 
20 20 20 10 20 20 20 20 20 20 20 10 20 10 20 
28 28 14 14 28 28 28 14 28 14 28 28 28 28 28 
88 88 88 44 88 88 88 88 44 88 88 44 88 88 88 
12 12 12 12 12 12 12 12 12 6 12 12 6 12 12 
40 99999 30 30 40 20 20 20 99999 20 20 99999 20 99999 20 
40 40 40 40 40 20 40 40 40 40 40 20 40 40 40 
14 28 28 28 14 28 28 28 28 28 28 28 28 28 28 
44 44 44 44 44 44 44 44 44 44 44 22 22 44 44 
44 44 44 44 44 44 22 44 44 44 44 44 44 22 44 
32 32 32 16 32 32 32 16 32 32 32 16 16 32 32 
40 40 20 40 20 40 40 40 40 40 20 40 40 40 40 
28 28 28 28 28 28 28 28 28 28 28 28 28 28 28 
48 48 48 48 24 48 48 48 48 48 48 24 48 48 24 
32 32 16 32 32 32 32 32 32 32 32 32 32 32 32 
28 14 28 28 28 14 28 28 28 28 28 28 28 28 28 
24 24 12 24 12 24 24 24 24 12 24 24 24 24 24 
80 80 80 80 80 80 80 80 80 80 80 40 40 80 80 
32 32 32 32 32 32 32 32 32 32 32 32 32 32 32 
80 80 80 80 80 80 40 80 80 80 40 80 80 80 80 
30 20 99999 20 50 20 50 99999 40 30 40 30 50 20 99999 
40 40 40 40 40 40 20 40 40 20 40 40 40 40 40 
24 24 24 24 24 24 12 24 24 12 12 24 24 24 24 
20 40 40 40 40 40 40 40 40 40 40 20 40 40 20 
32 32 32 32 16 32 32 32 32 32 16 32 32 32 16 
32 32 32 32 32 16 32 32 32 32 32 32 32 16 32 
24 32 16 40 99999 99999 99999 16 99999 99999 99999 99999 24 24 40 
14 35 14 99999 14 21 28 35 14 99999 14 99999 21 14 99999 
32 32 16 32 32 32 16 32 32 16 32 32 16 32 32 
48 24 48 48 48 48 24 48 48 48 48 48 24 48 48 
20 20 20 20 20 20 20 20 20 20 20 20 20 20 10 
28 14 14 28 28 28 28 28 28 14 28 28 28 28 28 
40 40 40 40 40 40 40 20 40 40 40 40 40 20 20 
32 16 32 32 32 32 32 32 32 16 32 32 32 16 32 
32 16 16 24 24 32 40 40 99999 32 24 24 40 16 99999 
40 20 40 40 40 40 40 40 40 40 40 40 40 40 40 
40 40 40 50 99999 99999 20 99999 50 40 40 20 99999 50 20 
44 44 44 44 44 44 44 44 22 44 44 22 44 22 44 
39 99999 39 39 99999 99999 99999 99999 26 99999 99999 99999 99999 52 99999 
20 20 20 20 20 20 20 20 20 20 20 20 10 20 20 
20 20 99999 20 99999 50 30 99999 40 20 99999 50 30 50 20 
60 60 60 30 60 60 60 60 60 60 30 60 60 60 60 
56 56 56 56 56 28 56 56 56 56 56 56 28 56 56 
36 36 36 36 36 36 36 36 18 18 36 36 36 36 18 
12 24 24 24 24 12 12 24 24 24 24 12 12 24 24 
88 44 88 44 88 44 88 44 44 88 88 88 44 44 88 
92 92 92 92 46 92 92 92 92 92 92 92 92 92 92 
32 32 32 32 32 32 32 32 32 32 16 32 16 32 16 
10 20 20 20 10 20 20 20 20 20 20 20 20 20 20 
35 99999 14 99999 28 21 99999 21 99999 99999 21 21 28 21 99999 
30 99999 30 99999 40 40 99999 99999 99999 20 40 99999 30 30 99999 
99999 35 99999 14 21 99999 14 99999 99999 35 99999 28 99999 21 99999 
56 56 56 56 56 56 28 28 56 56 28 56 28 56 56 
44 22 44 44 44 44 44 44 44 44 44 44 44 44 44 
24 12 24 12 24 24 12 24 24 24 24 24 24 12 12 
99999 99999 99999 30 99999 99999 20 30 30 30 40 99999 20 99999 99999 
32 32 32 32 32 32 32 16 32 32 32 32 16 32 32 
30 20 30 30 40 40 50 20 50 99999 99999 20 20 30 99999 
16 32 32 32 16 32 32 16 32 32 32 32 16 32 32 
40 40 40 40 40 20 40 40 40 20 40 40 40 40 40 
92 92 92 92 92 92 92 92 92 92 92 46 92 92 92 
92 92 92 46 92 92 92 92 92 46 92 92 92 92 92 
48 48 48 48 24 48 48 24 24 48 48 48 48 48 48 
24 24 24 24 24 24 24 12 24 24 12 12 24 24 24 
36 36 18 36 36 36 36 36 18 36 36 36 36 18 36 
24 24 24 24 24 24 24 24 12 24 24 24 24 24 12 
30 20 99999 99999 50 50 20 30 99999 20 99999 99999 30 30 50 
12 24 12 24 12 24 24 24 24 24 24 12 12 24 24 
12 24 24 24 24 24 24 12 12 24 24 24 12 12 24 
16 32 32 32 32 32 32 16 32 32 32 32 32 16 16 
12 24 24 24 24 24 12 24 24 24 24 24 24 24 12 
56 56 28 56 56 56 56 28 56 56 56 56 56 56 56 
65 99999 99999 26 99999 39 99999 39 26 65 26 99999 99999 99999 65 
88 44 44 88 44 44 88 88 88 88 88 88 44 88 44 
24 12 24 12 12 24 24 24 24 24 24 24 24 12 24 
92 92 92 92 92 92 46 92 92 92 92 92 46 92 92 
99999 40 50 50 99999 99999 50 50 20 99999 20 40 99999 99999 20 
40 80 40 40 80 40 80 80 40 80 80 40 80 80 80 
36 36 36 18 36 36 36 36 18 36 36 18 36 36 36 
28 28 28 28 28 14 28 14 28 28 28 28 28 28 14 
32 32 16 32 32 32 32 32 32 32 32 32 32 32 32 
21 28 99999 14 14 21 14 21 99999 14 21 99999 28 99999 14 
40 20 40 40 40 40 40 40 20 40 20 40 40 40 40 
20 10 20 20 20 10 20 20 20 20 20 10 10 20 20 
24 12 24 24 24 24 24 24 24 24 24 24 24 24 12 
48 48 24 48 48 48 48 48 24 48 48 48 48 24 48 
48 48 48 48 24 48 48 48 48 48 48 48 24 48 24 
28 28 28 28 14 28 28 28 28 28 14 28 28 28 28 
44 88 88 88 88 44 44 88 88 88 88 88 44 88 44 
28 28 28 28 28 28 28 28 28 28 28 14 28 28 14 
80 80 80 40 80 40 80 40 80 80 80 80 40 80 80 
60 60 60 60 60 60 60 60 60 60 60 60 30 60 30 
68 68 34 68 68 68 68 68 68 68 68 68 68 68 34 
12 12 12 12 12 12 6 6 12 12 12 12 12 12 12 
44 44 44 44 22 44 22 44 44 22 44 22 44 44 22 
68 68 68 34 68 68 68 68 68 68 68 68 34 68 68 
600 600 600 600 600 600 600 600 600 600 600 600 600 600 600 
600 600 600 600 600 600 600 600 600 600 600 600 600 600 600 600 600 600 600 600 600 600 600 600 600 600 600 600 600 600 600 600 600 600 600 600 600 600 600 600 600 600 600 600 600 600 600 600 600 600 600 600 600 600 600 600 600 600 600 600 600 600 600 600 600 600 600 600 600 600 600 600 600 600 600 600 600 600 600 600 600 600 600 600 600 600 600 600 600 600 600 600 600 600 600 600 600 600 600 600 600 600 600 600 600 600 600 600 600 600 600 600 600 600 600 600 600 600 600 600 600 600 600 600 600 600 600 600 600 600 600 600 600 600 600 600 600 600 600 600 600 600 600 600 600 600 600 600 600 600 600 600 600 600 600 600 600 600 600 600 600 600 600 600 600 600 600 600 600 600 600 600 600 600 600 600 600 600 600 600 600 600 600 600 600 600 600 600 600 600 600 600 600 600 600 600 600 600 600 600 1 1 1 1 1 1 1 1 1 1 1 1 1 1 1 1 1 1 1 1 1 1 1 1 1 1 1 1 1 1 1 1 1 1 1 1 1 1 1 1 1 1 1 1 1 1 1 1 1 1 1 1 1 1 1 1 1 1 1 1 1 1 1 1 1 1 1 1 1 1 1 1 1 1 1 1 1 1 1 1 1 1 1 1 1 1 1 1 1 1 1 1 1 1 1 1 1 1 1 1 1 1 1 1 1 1 1 1 1 1 1 1 1 1 1 1 1 1 1 1 1 1 1 1 1 1 1 1 1 1 1 1 1 1 1 1 1 1 1 1 1 1 1 1 1 1 1 1 1 1 1 1 1 1 1 1 1 1 1 1 1 1 1 1 1 1 1 1 1 1 1 1 1 1 1 1 1 1 1 1 1 1 1 1 1 1 1 1 1 1 1 1 1 1 1 1 1 1 1 1 