200
15
10 104 84 73 133 27 26 128 95 133 26 133 139 84 85 51 26 49 117 91 97 111 140 91 127 28 22 133 81 133 11 97 119 12 104 28 33 132 10 32 140 139 47 109 33 132 53 8 63 133 12 123 27 33 140 16 22 122 51 63 93 93 60 123 27 25 60 84 93 114 22 33 117 28 128 114 53 73 21 84 49 85 11 109 53 119 28 51 81 95 127 49 104 9 119 111 47 117 21 128 25 119 28 72 26 63 76 57 11 133 26 128 133 84 140 93 105 22 123 104 16 84 22 53 122 27 115 140 73 32 10 63 49 8 96 96 10 119 122 73 51 95 33 95 75 47 105 84 122 119 9 115 25 37 84 32 111 109 57 9 133 85 11 22 104 72 128 10 96 115 60 76 133 119 114 95 21 117 84 33 33 133 96 73 9 122 85 27 140 97 127 21 37 40 95 111 16 93 32 63 
14 14 14 14 14 14 14 14 14 14 14 14 14 14 14 
99999 99999 99999 18 99999 99999 18 18 99999 18 99999 99999 18 99999 18 
32 32 32 32 32 32 32 99999 99999 32 99999 32 32 32 99999 
12 99999 12 99999 12 12 99999 99999 12 99999 12 12 12 12 12 
99999 99999 24 99999 99999 99999 99999 24 99999 99999 99999 24 99999 99999 24 
16 16 99999 99999 99999 99999 99999 16 16 99999 99999 99999 99999 16 99999 
12 12 12 12 12 12 12 12 12 12 12 99999 12 99999 99999 
8 99999 8 8 8 99999 8 8 8 8 99999 8 99999 8 8 
20 99999 99999 20 20 99999 99999 99999 99999 99999 20 99999 99999 20 99999 
18 18 18 99999 18 99999 18 99999 18 18 99999 18 18 18 18 
30 30 30 30 30 30 30 99999 99999 30 99999 30 30 99999 99999 
12 12 99999 12 12 12 99999 12 12 12 12 99999 99999 12 12 
40 40 99999 99999 40 40 99999 40 40 40 40 40 40 99999 40 
99999 99999 99999 18 18 18 99999 18 18 18 18 18 99999 99999 18 
30 99999 30 30 30 30 30 30 30 30 30 30 30 30 99999 
99999 18 18 99999 99999 99999 18 99999 99999 99999 99999 99999 99999 99999 99999 
99999 99999 26 99999 26 26 26 26 26 99999 99999 26 26 26 26 
99999 10 99999 10 10 99999 99999 10 10 99999 10 10 99999 99999 10 
12 12 99999 12 12 12 12 12 12 12 12 12 99999 12 99999 
36 36 36 36 99999 36 99999 99999 99999 99999 36 36 36 99999 36 
30 30 30 30 99999 30 30 30 99999 99999 30 30 30 30 30 
99999 99999 20 20 99999 20 99999 99999 20 99999 20 99999 99999 99999 99999 
99999 99999 99999 99999 99999 10 99999 10 99999 10 10 99999 99999 99999 10 
12 12 99999 99999 99999 99999 12 99999 99999 99999 99999 99999 99999 99999 12 
99999 99999 26 99999 26 99999 26 26 99999 99999 26 26 99999 99999 26 
99999 99999 99999 12 99999 12 99999 12 99999 99999 12 99999 12 12 99999 
14 14 99999 14 99999 14 99999 14 14 14 99999 14 14 14 14 
14 14 99999 14 99999 14 99999 14 14 14 14 99999 99999 14 14 
24 99999 99999 24 24 24 24 24 99999 24 24 24 24 24 99999 
22 22 22 22 22 22 22 99999 22 22 22 99999 22 22 99999 
99999 14 99999 14 14 14 99999 99999 14 14 14 99999 99999 14 14 
99999 99999 99999 14 99999 14 14 99999 14 99999 14 14 99999 14 99999 
99999 22 99999 99999 22 99999 99999 99999 22 99999 22 22 22 22 22 
14 99999 99999 14 99999 99999 99999 14 99999 99999 14 99999 14 99999 14 
8 99999 99999 99999 8 8 8 8 99999 99999 8 8 99999 8 8 
99999 99999 99999 12 12 12 99999 12 12 12 12 99999 99999 99999 99999 
20 20 99999 20 99999 20 99999 99999 99999 20 20 99999 99999 99999 20 
99999 99999 99999 99999 24 24 99999 24 24 24 24 24 99999 24 24 
99999 99999 22 99999 22 99999 22 99999 22 22 22 22 22 99999 99999 
26 26 26 26 99999 99999 26 26 99999 26 26 26 26 26 99999 
16 16 16 16 99999 99999 99999 16 16 99999 16 16 99999 16 99999 
22 99999 99999 99999 99999 99999 99999 99999 22 22 99999 99999 99999 22 22 
99999 10 10 10 10 99999 10 10 10 10 99999 10 10 10 10 
99999 18 18 18 18 99999 99999 99999 99999 99999 99999 18 99999 99999 99999 
99999 40 40 40 40 99999 40 40 40 40 40 40 99999 99999 99999 
24 99999 24 24 99999 24 24 24 99999 99999 99999 24 24 24 24 
34 99999 34 99999 34 99999 34 34 99999 34 34 34 34 34 34 
20 99999 99999 99999 20 20 20 99999 99999 20 99999 20 99999 99999 99999 
10 99999 99999 10 99999 99999 10 99999 99999 99999 10 10 99999 99999 99999 
99999 99999 99999 99999 99999 16 99999 99999 99999 16 99999 16 16 16 99999 
99999 99999 32 32 99999 32 99999 32 32 32 32 32 99999 32 32 
99999 99999 99999 99999 99999 99999 18 18 18 99999 18 99999 18 18 18 
16 16 16 99999 16 99999 99999 99999 99999 16 99999 99999 16 99999 16 
99999 99999 99999 26 99999 26 26 99999 99999 99999 99999 26 99999 99999 99999 
99999 16 16 99999 16 16 99999 99999 16 16 99999 16 99999 99999 16 
20 20 20 20 99999 20 99999 99999 99999 99999 99999 99999 99999 20 99999 
99999 16 99999 99999 16 99999 99999 16 16 16 99999 16 99999 99999 99999 
99999 99999 99999 99999 20 20 99999 20 20 99999 20 99999 20 99999 20 
26 26 26 26 26 26 26 26 99999 26 26 26 26 26 26 
18 99999 99999 18 18 18 18 18 99999 99999 18 99999 18 18 99999 
99999 99999 16 16 16 99999 99999 16 16 16 16 16 99999 16 16 
16 16 16 16 99999 99999 99999 16 99999 16 99999 99999 16 99999 99999 
30 30 30 30 99999 30 99999 30 99999 30 99999 30 30 30 99999 
99999 99999 99999 99999 99999 8 8 8 8 8 8 99999 8 8 8 
99999 99999 99999 14 99999 99999 99999 14 14 99999 99999 14 99999 14 14 
10 99999 99999 99999 10 99999 10 10 10 10 10 10 99999 10 10 
99999 99999 28 28 28 28 28 28 28 28 99999 99999 28 28 99999 
99999 99999 99999 99999 99999 99999 99999 99999 99999 99999 24 24 99999 24 24 
12 99999 99999 99999 99999 12 99999 99999 99999 12 12 12 12 99999 99999 
99999 99999 18 99999 99999 18 18 99999 99999 18 99999 99999 18 99999 18 
99999 99999 30 30 30 30 99999 99999 30 30 99999 30 30 30 99999 
32 99999 32 32 32 99999 32 99999 32 32 32 32 32 32 99999 
30 30 30 30 30 30 30 30 99999 99999 99999 99999 30 30 99999 
99999 22 99999 99999 22 99999 99999 99999 22 22 99999 22 22 99999 99999 
12 12 12 12 99999 12 99999 12 99999 99999 12 99999 12 12 12 
99999 8 8 99999 99999 8 8 99999 8 8 8 8 99999 8 99999 
40 40 99999 40 40 40 40 40 40 99999 40 99999 99999 40 40 
16 16 99999 99999 99999 16 99999 99999 99999 16 99999 99999 16 99999 99999 
24 99999 99999 24 99999 24 99999 99999 24 24 99999 99999 24 24 24 
18 18 99999 18 18 18 99999 99999 99999 99999 18 99999 18 99999 18 
99999 99999 16 16 99999 16 99999 99999 16 99999 16 99999 16 99999 16 
99999 18 18 99999 18 99999 18 99999 99999 18 18 99999 18 18 99999 
28 28 28 28 99999 99999 99999 99999 28 99999 28 99999 28 28 99999 
26 99999 26 99999 26 99999 26 99999 26 26 99999 26 99999 99999 99999 
26 26 99999 26 26 26 26 99999 26 26 99999 26 26 99999 26 
99999 10 99999 99999 10 10 99999 10 99999 10 99999 10 99999 99999 10 
10 99999 10 10 99999 10 10 99999 10 99999 10 10 10 10 99999 
99999 28 28 28 28 28 28 99999 28 28 28 28 99999 99999 99999 
99999 12 99999 12 99999 12 99999 12 99999 99999 99999 99999 99999 99999 12 
28 99999 28 28 99999 28 28 28 28 28 28 28 28 28 28 
12 12 99999 12 99999 99999 12 99999 12 12 12 12 12 99999 12 
12 99999 99999 99999 99999 99999 99999 12 12 99999 12 99999 12 99999 12 
99999 18 99999 99999 99999 99999 99999 99999 18 99999 18 18 99999 18 99999 
18 99999 99999 99999 99999 99999 99999 99999 99999 18 18 99999 18 18 18 
34 99999 99999 34 34 34 34 99999 99999 99999 99999 99999 34 34 99999 
99999 99999 20 99999 99999 20 20 99999 20 20 99999 20 20 20 20 
16 16 16 16 16 16 16 16 16 99999 99999 99999 16 16 16 
99999 12 12 12 12 99999 12 12 12 99999 99999 12 12 12 99999 
24 24 24 99999 24 24 99999 24 99999 99999 24 24 24 24 99999 
24 24 24 99999 24 24 24 99999 99999 99999 99999 24 99999 99999 24 
26 99999 26 26 99999 99999 99999 26 99999 26 26 26 99999 99999 99999 
99999 20 99999 99999 99999 99999 20 99999 99999 99999 99999 99999 99999 20 99999 
12 12 99999 12 12 12 12 12 12 99999 12 12 99999 12 12 
99999 16 16 16 99999 16 16 99999 16 99999 16 16 16 16 99999 
24 99999 24 24 99999 99999 99999 24 24 24 24 24 24 99999 24 
18 99999 99999 18 18 99999 99999 18 99999 99999 99999 99999 18 99999 18 
99999 30 30 30 30 30 99999 99999 30 30 30 30 99999 99999 30 
99999 18 99999 18 99999 18 18 18 18 18 99999 99999 18 18 99999 
99999 16 16 99999 16 99999 99999 99999 16 99999 16 16 16 16 16 
16 16 16 99999 99999 16 99999 16 16 99999 99999 99999 99999 16 99999 
30 99999 99999 30 30 30 99999 99999 99999 30 30 99999 30 99999 99999 
30 30 30 99999 30 30 30 99999 99999 30 30 30 30 30 99999 
99999 8 99999 8 99999 99999 99999 8 99999 99999 8 99999 99999 8 8 
10 99999 99999 99999 99999 99999 99999 10 10 10 99999 10 99999 99999 99999 
24 24 99999 24 99999 99999 99999 99999 24 99999 24 24 24 99999 99999 
99999 10 10 99999 10 10 10 10 99999 99999 99999 99999 10 10 99999 
22 99999 99999 99999 99999 99999 99999 99999 99999 99999 22 99999 99999 99999 22 
24 24 99999 99999 99999 24 24 24 99999 24 99999 99999 24 99999 99999 
24 24 99999 24 99999 24 24 99999 99999 99999 24 99999 99999 99999 24 
99999 14 99999 99999 99999 99999 99999 14 99999 99999 14 14 99999 14 14 
99999 18 99999 99999 18 99999 99999 99999 99999 18 18 18 99999 99999 18 
99999 99999 24 99999 24 99999 24 99999 24 99999 99999 24 99999 99999 24 
12 12 12 12 12 99999 12 99999 12 12 12 12 12 12 12 
24 99999 24 99999 24 24 24 99999 99999 24 99999 24 24 99999 99999 
99999 14 14 99999 99999 99999 14 14 99999 14 14 14 14 14 99999 
99999 20 20 20 20 20 20 20 20 20 99999 20 20 20 20 
99999 18 99999 18 99999 99999 99999 18 99999 99999 18 99999 99999 99999 18 
99999 99999 99999 22 22 99999 22 99999 22 22 22 99999 99999 99999 22 
24 99999 99999 99999 24 99999 99999 24 99999 24 99999 24 24 99999 99999 
99999 99999 12 12 99999 99999 99999 99999 99999 12 12 99999 99999 12 99999 
99999 30 30 30 30 99999 99999 99999 99999 99999 99999 30 99999 30 30 
99999 24 99999 99999 24 99999 24 99999 99999 99999 24 24 99999 99999 24 
99999 22 99999 22 99999 99999 22 22 99999 22 22 22 22 22 99999 
30 30 30 30 30 30 99999 30 30 99999 30 99999 99999 30 30 
99999 99999 24 99999 99999 24 99999 99999 99999 24 99999 24 99999 99999 24 
22 22 99999 99999 22 22 99999 22 22 99999 22 99999 22 22 22 
99999 99999 99999 99999 99999 12 99999 99999 99999 12 99999 99999 99999 99999 99999 
32 32 32 99999 32 32 32 99999 99999 32 32 99999 32 99999 32 
99999 26 99999 99999 26 26 26 26 26 26 99999 26 26 99999 26 
14 14 14 14 99999 99999 14 14 14 14 14 14 14 99999 14 
99999 99999 30 99999 30 30 30 30 30 30 30 30 30 30 99999 
28 99999 28 28 28 28 28 28 28 28 28 28 28 28 28 
99999 99999 16 16 16 99999 99999 16 16 99999 16 16 99999 16 16 
99999 20 99999 99999 99999 99999 99999 99999 20 99999 20 99999 99999 99999 20 
99999 99999 24 99999 99999 99999 24 24 99999 24 99999 99999 24 24 99999 
16 16 99999 99999 16 16 99999 99999 99999 99999 99999 99999 99999 99999 99999 
30 30 30 30 99999 30 30 99999 30 30 30 30 30 99999 99999 
99999 10 10 99999 99999 10 99999 99999 10 10 99999 10 10 10 99999 
99999 30 99999 99999 30 30 99999 30 99999 30 30 30 30 99999 99999 
99999 18 18 18 99999 99999 99999 99999 99999 18 18 99999 18 18 99999 
20 20 99999 99999 99999 20 20 99999 99999 99999 20 20 20 20 99999 
14 14 14 14 14 14 14 99999 14 99999 14 14 14 99999 99999 
99999 99999 30 30 30 30 99999 99999 99999 99999 99999 99999 30 99999 99999 
10 10 10 99999 99999 10 10 99999 99999 99999 99999 99999 10 99999 10 
99999 28 28 28 28 28 99999 99999 28 28 28 28 28 28 28 
30 30 30 30 99999 30 99999 99999 30 30 30 30 99999 30 30 
99999 99999 8 8 99999 99999 99999 8 8 99999 8 8 99999 8 8 
99999 16 99999 99999 99999 16 16 99999 16 99999 99999 99999 16 99999 99999 
18 18 18 18 18 18 18 99999 18 99999 18 99999 99999 99999 18 
99999 28 99999 28 99999 99999 28 28 28 28 28 99999 28 28 28 
99999 99999 18 99999 18 18 18 99999 99999 18 18 99999 18 99999 99999 
20 99999 99999 20 20 99999 20 99999 20 99999 20 99999 20 20 20 
99999 18 99999 18 99999 99999 18 18 18 18 99999 18 99999 99999 99999 
26 26 99999 26 26 26 99999 26 99999 26 26 99999 26 26 26 
99999 32 99999 32 99999 99999 32 32 99999 32 99999 32 32 99999 99999 
99999 26 99999 26 26 26 99999 26 99999 26 99999 99999 26 26 26 
18 99999 18 18 18 99999 99999 18 99999 18 99999 18 18 18 99999 
32 32 32 32 32 32 32 99999 99999 32 32 32 32 99999 99999 
16 99999 99999 16 16 99999 16 99999 99999 99999 99999 99999 16 99999 99999 
30 99999 99999 99999 30 30 30 99999 30 99999 99999 30 99999 99999 99999 
26 26 26 26 26 26 26 26 26 99999 26 99999 26 26 26 
99999 16 16 16 99999 16 16 16 99999 99999 16 99999 99999 16 16 
99999 10 10 99999 10 10 99999 10 10 99999 10 10 10 99999 99999 
12 99999 12 99999 12 12 12 99999 12 12 12 99999 12 12 12 
99999 99999 18 99999 99999 18 18 99999 18 99999 99999 18 99999 18 18 
99999 18 99999 99999 18 99999 18 99999 18 99999 18 18 99999 99999 99999 
99999 99999 99999 99999 99999 18 18 18 18 18 99999 18 99999 99999 18 
99999 99999 18 18 18 18 99999 18 99999 99999 18 18 18 99999 99999 
24 24 24 99999 24 24 24 24 24 24 24 99999 24 99999 24 
99999 99999 99999 24 24 99999 24 99999 24 24 99999 99999 24 24 99999 
99999 12 99999 99999 12 99999 12 99999 99999 12 99999 12 99999 12 12 
32 99999 32 99999 99999 99999 99999 99999 32 99999 32 99999 99999 99999 99999 
16 16 16 16 99999 99999 99999 16 16 16 99999 99999 99999 16 99999 
12 99999 99999 99999 12 99999 12 99999 12 99999 12 99999 12 99999 99999 
12 12 12 12 99999 12 12 99999 12 12 12 99999 12 99999 12 
99999 36 99999 99999 99999 99999 99999 99999 99999 36 36 99999 99999 99999 36 
99999 99999 18 18 99999 99999 99999 99999 18 18 99999 18 18 99999 18 
12 12 12 12 12 12 99999 12 99999 12 12 12 99999 12 12 
99999 16 16 99999 16 16 16 16 16 99999 99999 16 99999 99999 99999 
14 14 99999 14 99999 14 14 99999 14 14 14 14 14 99999 99999 
99999 16 16 16 16 16 16 16 16 16 99999 99999 16 99999 99999 
99999 99999 99999 99999 99999 99999 22 99999 99999 99999 99999 99999 22 99999 99999 
99999 99999 99999 99999 24 99999 24 99999 99999 99999 24 99999 99999 99999 99999 
99999 99999 22 99999 22 22 22 99999 99999 22 99999 99999 22 99999 99999 
99999 99999 99999 99999 26 99999 99999 99999 99999 99999 99999 26 99999 26 26 
99999 10 10 10 10 10 10 99999 10 99999 10 99999 99999 10 10 
20 99999 20 99999 99999 20 20 99999 99999 20 20 20 20 20 20 
14 99999 99999 99999 99999 99999 99999 99999 99999 99999 99999 99999 14 14 99999 
99999 99999 99999 10 99999 10 10 99999 10 10 10 10 10 10 10 
12 12 12 12 12 12 99999 99999 12 99999 99999 99999 12 12 12 
99999 99999 20 20 99999 20 20 99999 20 20 20 99999 99999 99999 20 
600 600 600 600 600 600 600 600 600 600 600 600 600 600 600 
600 600 600 600 600 600 600 600 600 600 600 600 600 600 600 600 600 600 600 600 600 600 600 600 600 600 600 600 600 600 600 600 600 600 600 600 600 600 600 600 600 600 600 600 600 600 600 600 600 600 600 600 600 600 600 600 600 600 600 600 600 600 600 600 600 600 600 600 600 600 600 600 600 600 600 600 600 600 600 600 600 600 600 600 600 600 600 600 600 600 600 600 600 600 600 600 600 600 600 600 600 600 600 600 600 600 600 600 600 600 600 600 600 600 600 600 600 600 600 600 600 600 600 600 600 600 600 600 600 600 600 600 600 600 600 600 600 600 600 600 600 600 600 600 600 600 600 600 600 600 600 600 600 600 600 600 600 600 600 600 600 600 600 600 600 600 600 600 600 600 600 600 600 600 600 600 600 600 600 600 600 600 600 600 600 600 600 600 600 600 600 600 600 600 600 600 600 600 600 600 1 1 1 1 1 1 1 1 1 1 1 1 1 1 1 1 1 1 1 1 1 1 1 1 1 1 1 1 1 1 1 1 1 1 1 1 1 1 1 1 1 1 1 1 1 1 1 1 1 1 1 1 1 1 1 1 1 1 1 1 1 1 1 1 1 1 1 1 1 1 1 1 1 1 1 1 1 1 1 1 1 1 1 1 1 1 1 1 1 1 1 1 1 1 1 1 1 1 1 1 1 1 1 1 1 1 1 1 1 1 1 1 1 1 1 1 1 1 1 1 1 1 1 1 1 1 1 1 1 1 1 1 1 1 1 1 1 1 1 1 1 1 1 1 1 1 1 1 1 1 1 1 1 1 1 1 1 1 1 1 1 1 1 1 1 1 1 1 1 1 1 1 1 1 1 1 1 1 1 1 1 1 1 1 1 1 1 1 1 1 1 1 1 1 1 1 1 1 1 1 