200
15
19 109 7 42 94 5 70 42 43 123 131 4 42 25 103 57 109 42 86 97 123 80 63 126 80 69 70 19 24 123 109 25 102 44 126 96 94 57 42 126 69 21 131 25 22 42 138 80 25 24 94 126 47 126 74 47 24 94 97 42 53 47 63 53 74 53 19 42 138 126 97 42 70 21 22 34 126 94 96 53 47 80 80 70 80 96 109 126 80 53 19 123 7 44 94 80 103 19 80 103 53 131 97 57 123 5 5 42 24 53 63 53 34 47 19 131 125 138 5 109 123 70 96 97 7 57 125 109 53 4 97 43 42 80 44 138 131 7 103 138 24 27 131 34 109 42 21 123 25 24 86 74 80 126 96 47 103 4 94 25 102 131 102 74 138 138 80 47 80 7 125 44 19 80 103 97 19 42 123 27 125 5 131 21 94 126 97 22 80 126 22 43 57 21 96 69 109 131 70 74 
14 14 14 14 14 14 14 14 14 14 14 14 14 14 14 
16 32 32 32 32 32 32 16 32 32 16 32 32 16 32 
16 32 32 32 16 32 32 32 16 32 32 32 32 16 32 
32 32 32 32 32 16 32 32 32 32 32 32 16 32 32 
72 72 72 72 72 72 72 36 72 72 72 72 72 72 36 
32 32 16 32 16 32 32 32 32 32 32 32 32 32 32 
36 36 18 36 36 36 18 36 36 36 18 36 36 18 36 
24 24 24 12 24 24 24 24 24 12 24 24 24 24 24 
12 12 12 12 12 6 6 12 12 12 12 12 12 6 12 
99999 40 99999 50 20 50 99999 20 30 99999 99999 99999 30 30 99999 
16 32 32 16 32 32 32 32 32 32 32 16 32 32 32 
48 48 48 48 48 48 48 48 48 48 48 48 48 48 48 
44 44 44 44 44 44 44 44 44 44 44 44 44 44 44 
36 36 36 36 36 36 36 18 36 36 36 18 18 36 36 
32 32 32 32 32 32 32 32 32 16 32 32 32 32 32 
48 48 48 48 48 48 24 48 48 48 48 48 48 48 48 
52 52 52 26 52 52 52 52 52 52 26 52 26 52 52 
28 28 28 14 28 28 28 14 28 28 28 28 14 28 14 
28 28 28 14 14 28 28 28 28 28 28 28 28 28 28 
40 40 40 40 40 40 40 40 40 40 40 20 20 40 40 
32 16 32 32 32 32 32 32 32 32 32 16 16 32 32 
24 99999 99999 99999 24 16 40 16 24 99999 32 99999 24 99999 24 
52 52 26 52 52 52 52 52 52 52 52 52 52 52 52 
36 36 36 36 18 18 36 36 18 36 36 36 36 36 36 
14 28 28 28 28 28 28 28 14 28 28 14 28 28 14 
32 32 32 32 32 16 32 32 16 16 32 32 16 32 32 
14 28 14 14 28 28 28 28 28 28 28 28 28 28 28 
14 14 28 28 28 28 28 28 28 28 28 28 28 28 14 
72 72 36 72 72 72 72 72 72 36 72 72 72 36 72 
48 24 48 48 24 48 48 48 48 48 48 24 48 48 48 
28 28 28 28 14 14 28 28 14 28 28 14 28 28 28 
12 24 24 24 24 24 12 24 24 24 12 12 24 24 24 
40 40 40 20 40 40 40 40 40 40 20 40 40 40 40 
80 80 80 40 80 80 80 40 80 80 80 80 80 40 80 
39 26 39 26 52 39 99999 99999 99999 39 99999 99999 39 99999 26 
8 16 16 16 16 16 16 16 16 16 16 16 16 16 16 
32 32 32 32 16 16 32 32 32 32 32 32 32 32 32 
28 28 28 14 28 14 28 28 14 28 28 28 28 28 28 
28 28 14 28 28 28 28 14 28 28 28 14 14 28 28 
44 44 44 22 44 44 44 22 44 44 44 44 44 44 44 
80 80 40 80 80 40 80 80 80 80 80 40 40 80 80 
48 48 48 48 48 48 48 48 48 48 48 48 48 48 48 
44 44 44 22 22 44 44 44 44 22 44 44 44 44 44 
48 48 48 48 48 48 48 48 48 24 48 24 48 48 48 
28 14 28 14 28 14 14 28 28 28 28 14 28 28 28 
52 52 52 52 52 52 52 52 26 52 52 52 26 52 52 
32 32 16 32 32 32 32 32 32 32 32 32 16 16 32 
52 52 52 52 52 52 52 52 52 52 52 52 52 52 52 
30 20 20 50 99999 30 20 20 99999 99999 30 99999 99999 30 30 
40 20 20 40 40 40 40 40 40 40 40 40 40 40 20 
18 36 18 36 18 36 36 36 36 36 36 18 36 36 36 
36 36 36 18 36 36 36 36 36 18 36 36 36 36 36 
36 36 36 36 36 36 36 36 18 36 18 36 36 36 36 
40 80 80 40 40 80 80 80 80 80 40 40 80 80 80 
12 12 6 12 12 12 12 12 6 12 12 12 12 12 12 
48 48 48 24 48 48 48 48 48 48 48 48 48 48 48 
16 32 32 32 32 32 16 32 32 16 32 32 32 16 32 
80 80 80 80 80 80 80 80 80 80 80 40 80 80 80 
12 12 12 12 12 12 12 12 12 6 12 6 12 12 12 
18 36 18 36 18 18 36 36 36 36 36 36 36 36 18 
72 72 72 36 72 72 72 72 72 72 72 36 72 72 36 
56 56 56 56 56 56 56 56 28 56 28 56 56 56 56 
28 28 28 28 28 28 14 28 28 28 28 28 14 28 28 
56 56 28 56 56 28 56 56 56 56 56 56 56 56 56 
12 12 12 6 12 6 12 12 12 6 12 6 6 12 12 
80 80 80 80 40 80 80 80 80 80 80 80 40 80 80 
48 48 48 48 48 48 48 24 48 48 48 48 48 48 48 
99999 99999 30 99999 30 20 40 99999 99999 99999 20 20 20 30 99999 
28 28 28 28 14 28 28 28 14 28 28 28 28 28 28 
12 12 6 12 6 12 12 6 6 6 12 12 12 12 12 
50 20 40 40 99999 20 99999 40 50 30 99999 99999 50 50 99999 
28 28 28 14 28 14 28 28 14 14 28 28 28 28 28 
40 40 80 80 80 80 80 40 80 40 80 80 80 80 80 
28 28 28 28 14 28 28 28 28 28 28 28 28 28 28 
44 44 44 44 22 44 44 22 44 44 44 44 44 44 44 
20 99999 20 30 99999 40 99999 99999 99999 20 40 50 20 40 99999 
14 28 28 28 28 28 28 28 14 28 28 28 28 14 28 
36 36 36 36 36 36 36 18 36 36 36 36 36 36 18 
16 16 16 16 16 8 16 8 16 16 8 16 16 8 16 
24 24 24 24 12 24 12 24 24 24 24 12 24 24 24 
36 72 72 36 72 72 72 72 72 36 72 72 36 72 72 
99999 30 99999 30 30 40 20 99999 99999 50 20 30 50 99999 30 
28 28 28 28 28 28 28 28 28 28 14 28 28 28 28 
22 44 44 44 22 44 22 44 44 44 44 44 44 44 22 
36 18 36 36 36 36 18 36 36 36 36 36 18 36 36 
28 14 28 14 14 28 14 28 28 14 28 28 14 28 28 
99999 32 16 16 16 99999 24 24 24 16 99999 24 99999 99999 32 
48 48 24 48 48 48 48 24 48 48 48 48 48 48 48 
32 32 32 32 32 32 32 16 32 32 32 32 16 32 32 
28 28 28 28 14 28 28 28 28 28 28 28 28 14 28 
32 32 32 32 32 32 32 32 32 32 16 32 16 16 32 
36 36 36 18 18 36 18 36 36 36 36 18 36 36 36 
14 14 28 28 28 14 28 28 28 28 28 28 28 14 14 
14 28 28 14 14 28 28 28 14 28 28 28 14 28 28 
40 40 40 40 40 20 40 40 40 40 40 40 20 40 40 
76 76 38 76 76 76 76 76 76 76 76 76 76 38 76 
24 24 24 12 12 12 24 12 24 12 12 12 24 24 24 
24 24 12 24 12 24 12 24 24 24 24 24 24 24 24 
24 99999 99999 16 16 99999 99999 99999 99999 32 99999 24 32 24 24 
12 12 6 12 6 12 6 6 12 12 12 12 12 12 12 
33 33 22 55 99999 99999 99999 22 99999 55 22 22 22 99999 22 
44 44 44 22 44 44 44 44 44 44 44 44 44 44 44 
32 16 32 32 16 32 32 16 32 32 32 32 32 32 32 
32 32 32 32 32 32 32 16 32 32 32 32 32 32 32 
40 40 99999 40 50 99999 99999 40 20 99999 99999 30 20 20 99999 
32 32 32 32 32 32 32 32 32 32 16 32 32 32 32 
28 28 28 14 28 28 28 28 28 28 28 14 28 14 28 
36 36 18 18 36 36 36 18 36 18 36 36 36 36 36 
32 32 32 16 32 32 32 32 16 32 32 16 32 32 32 
80 80 80 80 80 80 80 80 80 40 80 80 40 80 80 
44 99999 33 33 44 22 22 22 99999 22 22 99999 22 99999 22 
16 16 16 16 16 8 16 16 16 16 16 8 16 16 16 
6 12 12 12 6 12 12 12 12 12 12 12 12 12 12 
56 56 56 56 56 56 56 56 56 56 56 28 28 56 56 
52 52 52 52 52 52 26 52 52 52 52 52 52 26 52 
32 32 32 16 32 32 32 16 32 32 32 16 16 32 32 
28 28 14 28 14 28 28 28 28 28 14 28 28 28 28 
76 76 76 76 76 76 76 76 76 76 76 76 76 76 76 
80 80 80 80 40 80 80 80 80 80 80 40 80 80 40 
48 48 24 48 48 48 48 48 48 48 48 48 48 48 48 
12 6 12 12 12 6 12 12 12 12 12 12 12 12 12 
36 36 18 36 18 36 36 36 36 18 36 36 36 36 36 
32 32 32 32 32 32 32 32 32 32 32 16 16 32 32 
36 36 36 36 36 36 36 36 36 36 36 36 36 36 36 
32 32 32 32 32 32 16 32 32 32 16 32 32 32 32 
24 16 99999 16 40 16 40 99999 32 24 32 24 40 16 99999 
28 28 28 28 28 28 14 28 28 14 28 28 28 28 28 
28 28 28 28 28 28 14 28 28 14 14 28 28 28 28 
22 44 44 44 44 44 44 44 44 44 44 22 44 44 22 
32 32 32 32 16 32 32 32 32 32 16 32 32 32 16 
48 48 48 48 48 24 48 48 48 48 48 48 48 24 48 
39 52 26 65 99999 99999 99999 26 99999 99999 99999 99999 39 39 65 
20 50 20 99999 20 30 40 50 20 99999 20 99999 30 20 99999 
36 36 18 36 36 36 18 36 36 18 36 36 18 36 36 
80 40 80 80 80 80 40 80 80 80 80 80 40 80 80 
40 40 40 40 40 40 40 40 40 40 40 40 40 40 20 
76 38 38 76 76 76 76 76 76 38 76 76 76 76 76 
28 28 28 28 28 28 28 14 28 28 28 28 28 14 14 
36 18 36 36 36 36 36 36 36 18 36 36 36 18 36 
52 26 26 39 39 52 65 65 99999 52 39 39 65 26 99999 
16 8 16 16 16 16 16 16 16 16 16 16 16 16 16 
32 32 32 40 99999 99999 16 99999 40 32 32 16 99999 40 16 
56 56 56 56 56 56 56 56 28 56 56 28 56 28 56 
30 99999 30 30 99999 99999 99999 99999 20 99999 99999 99999 99999 40 99999 
40 40 40 40 40 40 40 40 40 40 40 40 20 40 40 
16 16 99999 16 99999 40 24 99999 32 16 99999 40 24 40 16 
48 48 48 24 48 48 48 48 48 48 24 48 48 48 48 
36 36 36 36 36 18 36 36 36 36 36 36 18 36 36 
24 24 24 24 24 24 24 24 12 12 24 24 24 24 12 
14 28 28 28 28 14 14 28 28 28 28 14 14 28 28 
28 14 28 14 28 14 28 14 14 28 28 28 14 14 28 
12 12 12 12 6 12 12 12 12 12 12 12 12 12 12 
36 36 36 36 36 36 36 36 36 36 18 36 18 36 18 
14 28 28 28 14 28 28 28 28 28 28 28 28 28 28 
50 99999 20 99999 40 30 99999 30 99999 99999 30 30 40 30 99999 
33 99999 33 99999 44 44 99999 99999 99999 22 44 99999 33 33 99999 
99999 50 99999 20 30 99999 20 99999 99999 50 99999 40 99999 30 99999 
36 36 36 36 36 36 18 18 36 36 18 36 18 36 36 
56 28 56 56 56 56 56 56 56 56 56 56 56 56 56 
48 24 48 24 48 48 24 48 48 48 48 48 48 24 24 
99999 99999 99999 24 99999 99999 16 24 24 24 32 99999 16 99999 99999 
32 32 32 32 32 32 32 16 32 32 32 32 16 32 32 
33 22 33 33 44 44 55 22 55 99999 99999 22 22 33 99999 
18 36 36 36 18 36 36 18 36 36 36 36 18 36 36 
16 16 16 16 16 8 16 16 16 8 16 16 16 16 16 
12 12 12 12 12 12 12 12 12 12 12 6 12 12 12 
12 12 12 6 12 12 12 12 12 6 12 12 12 12 12 
80 80 80 80 40 80 80 40 40 80 80 80 80 80 80 
36 36 36 36 36 36 36 18 36 36 18 18 36 36 36 
28 28 14 28 28 28 28 28 14 28 28 28 28 14 28 
48 48 48 48 48 48 48 48 24 48 48 48 48 48 24 
33 22 99999 99999 55 55 22 33 99999 22 99999 99999 33 33 55 
24 48 24 48 24 48 48 48 48 48 48 24 24 48 48 
14 28 28 28 28 28 28 14 14 28 28 28 14 14 28 
16 32 32 32 32 32 32 16 32 32 32 32 32 16 16 
24 48 48 48 48 48 24 48 48 48 48 48 48 48 24 
36 36 18 36 36 36 36 18 36 36 36 36 36 36 36 
50 99999 99999 20 99999 30 99999 30 20 50 20 99999 99999 99999 50 
28 14 14 28 14 14 28 28 28 28 28 28 14 28 14 
36 18 36 18 18 36 36 36 36 36 36 36 36 18 36 
12 12 12 12 12 12 6 12 12 12 12 12 6 12 12 
99999 32 40 40 99999 99999 40 40 16 99999 16 32 99999 99999 16 
16 32 16 16 32 16 32 32 16 32 32 16 32 32 32 
24 24 24 12 24 24 24 24 12 24 24 12 24 24 24 
76 76 76 76 76 38 76 38 76 76 76 76 76 76 38 
36 36 18 36 36 36 36 36 36 36 36 36 36 36 36 
30 40 99999 20 20 30 20 30 99999 20 30 99999 40 99999 20 
44 22 44 44 44 44 44 44 22 44 22 44 44 44 44 
28 14 28 28 28 14 28 28 28 28 28 14 14 28 28 
36 18 36 36 36 36 36 36 36 36 36 36 36 36 18 
80 80 40 80 80 80 80 80 40 80 80 80 80 40 80 
80 80 80 80 40 80 80 80 80 80 80 80 40 80 40 
36 36 36 36 18 36 36 36 36 36 18 36 36 36 36 
16 32 32 32 32 16 16 32 32 32 32 32 16 32 16 
36 36 36 36 36 36 36 36 36 36 36 18 36 36 18 
32 32 32 16 32 16 32 16 32 32 32 32 16 32 32 
48 48 48 48 48 48 48 48 48 48 48 48 24 48 24 
72 72 36 72 72 72 72 72 72 72 72 72 72 72 36 
80 80 80 80 80 80 40 40 80 80 80 80 80 80 80 
56 56 56 56 28 56 28 56 56 28 56 28 56 56 28 
72 72 72 36 72 72 72 72 72 72 72 72 36 72 72 
600 600 600 600 600 600 600 600 600 600 600 600 600 600 600 
600 600 600 600 600 600 600 600 600 600 600 600 600 600 600 600 600 600 600 600 600 600 600 600 600 600 600 600 600 600 600 600 600 600 600 600 600 600 600 600 600 600 600 600 600 600 600 600 600 600 600 600 600 600 600 600 600 600 600 600 600 600 600 600 600 600 600 600 600 600 600 600 600 600 600 600 600 600 600 600 600 600 600 600 600 600 600 600 600 600 600 600 600 600 600 600 600 600 600 600 600 600 600 600 600 600 600 600 600 600 600 600 600 600 600 600 600 600 600 600 600 600 600 600 600 600 600 600 600 600 600 600 600 600 600 600 600 600 600 600 600 600 600 600 600 600 600 600 600 600 600 600 600 600 600 600 600 600 600 600 600 600 600 600 600 600 600 600 600 600 600 600 600 600 600 600 600 600 600 600 600 600 600 600 600 600 600 600 600 600 600 600 600 600 600 600 600 600 600 600 1 1 1 1 1 1 1 1 1 1 1 1 1 1 1 1 1 1 1 1 1 1 1 1 1 1 1 1 1 1 1 1 1 1 1 1 1 1 1 1 1 1 1 1 1 1 1 1 1 1 1 1 1 1 1 1 1 1 1 1 1 1 1 1 1 1 1 1 1 1 1 1 1 1 1 1 1 1 1 1 1 1 1 1 1 1 1 1 1 1 1 1 1 1 1 1 1 1 1 1 1 1 1 1 1 1 1 1 1 1 1 1 1 1 1 1 1 1 1 1 1 1 1 1 1 1 1 1 1 1 1 1 1 1 1 1 1 1 1 1 1 1 1 1 1 1 1 1 1 1 1 1 1 1 1 1 1 1 1 1 1 1 1 1 1 1 1 1 1 1 1 1 1 1 1 1 1 1 1 1 1 1 1 1 1 1 1 1 1 1 1 1 1 1 1 1 1 1 1 1 