250
20
80 101 11 128 71 25 76 14 134 94 122 20 90 58 80 76 71 71 65 9 76 58 19 20 134 20 2 51 107 76 109 42 20 71 11 124 19 109 20 107 127 90 127 9 127 20 94 1 122 76 109 128 122 1 19 37 2 71 23 101 14 80 76 127 2 1 1 70 51 65 65 76 14 1 116 116 70 70 134 37 23 14 23 101 37 2 20 127 84 19 109 122 19 20 20 109 20 107 25 109 127 2 128 23 80 42 23 20 76 127 25 81 90 76 101 70 127 2 101 94 128 20 134 20 58 70 134 1 84 1 122 51 81 81 127 25 107 127 122 75 14 25 2 94 1 20 101 23 107 58 11 20 122 116 75 20 37 51 14 70 107 101 134 37 101 20 37 11 70 127 101 42 23 58 134 9 11 128 94 128 80 107 20 58 80 2 122 75 42 75 37 25 122 65 58 23 11 14 75 58 122 70 58 58 58 25 20 58 20 107 101 122 1 71 37 84 65 101 116 25 76 127 11 107 51 84 80 128 58 20 122 19 19 20 9 1 23 84 127 20 81 1 75 51 94 122 81 23 109 84 
11 11 11 11 11 11 11 11 11 11 11 11 11 11 11 11 11 11 11 11 
28 14 14 28 28 14 28 28 28 28 28 28 28 28 28 28 28 28 28 28 
24 24 48 48 48 48 48 48 48 48 48 48 48 24 48 24 24 24 24 48 
16 32 32 32 16 32 16 32 16 32 32 32 32 32 32 32 32 16 32 32 
36 72 72 36 36 72 72 36 72 36 36 36 72 72 72 36 72 72 72 72 
44 44 44 44 22 33 99999 44 99999 33 33 44 33 22 55 33 22 99999 55 44 
84 84 84 84 84 42 84 42 84 84 84 84 84 84 84 84 84 42 84 84 
72 72 72 72 72 72 36 72 72 72 72 72 72 36 72 72 72 36 72 72 
20 20 10 20 20 10 20 20 10 10 20 20 20 20 20 20 20 20 20 20 
20 20 40 20 40 40 20 40 40 40 40 40 40 20 20 40 40 40 40 40 
16 40 40 24 99999 16 16 24 24 99999 32 16 24 24 32 32 32 24 40 16 
56 56 28 28 56 56 56 56 56 56 28 56 28 56 56 28 56 56 28 28 
14 14 28 28 28 14 28 14 28 28 28 28 28 14 28 14 28 28 28 28 
16 40 24 32 99999 99999 24 32 40 16 32 99999 24 24 24 99999 32 40 24 16 
44 44 22 44 44 44 44 44 22 44 44 44 22 44 44 44 44 44 22 44 
24 32 40 24 16 40 40 32 24 99999 40 16 24 24 24 16 99999 99999 99999 24 
36 36 36 18 18 36 18 36 36 36 36 36 18 18 18 36 18 36 36 18 
36 36 36 36 18 36 36 36 36 36 36 36 36 36 36 36 18 36 36 36 
18 18 36 36 36 36 36 36 36 18 18 36 18 18 36 18 36 36 36 36 
26 26 99999 65 39 26 52 39 26 52 26 26 39 39 52 39 39 99999 52 52 
84 42 42 84 42 84 84 84 84 84 84 84 84 42 84 42 42 84 42 42 
32 32 32 32 32 16 16 32 16 32 32 32 32 32 32 32 32 16 32 32 
48 96 96 48 96 96 96 96 96 48 96 96 48 96 48 96 96 48 96 96 
72 72 72 72 72 72 72 36 72 72 72 72 36 72 72 72 72 36 36 36 
32 32 32 32 32 32 32 16 32 32 16 32 16 32 32 16 16 16 32 32 
26 65 65 99999 26 26 26 39 39 65 26 52 39 26 65 99999 39 39 65 52 
36 36 36 36 18 36 36 36 36 36 18 36 18 36 36 18 36 36 36 36 
36 36 36 18 36 36 36 18 36 36 18 36 36 18 18 36 36 36 36 36 
44 44 22 44 44 44 44 22 44 22 22 44 44 22 22 44 22 44 44 44 
32 32 32 16 32 16 32 16 32 32 32 32 32 32 32 16 32 32 32 32 
18 18 36 18 36 18 36 18 36 36 18 36 36 36 18 36 18 18 36 36 
44 22 44 22 44 44 22 22 44 44 22 22 44 44 44 44 44 22 44 22 
28 56 28 56 56 56 56 56 56 56 56 56 56 56 28 56 28 56 56 56 
36 36 36 36 18 18 36 36 18 36 36 36 36 36 36 36 18 36 36 36 
36 36 36 36 72 72 36 36 72 36 72 36 72 72 36 36 72 36 36 72 
22 55 44 33 55 99999 99999 22 22 99999 99999 99999 99999 44 22 33 55 55 33 22 
36 36 36 18 36 36 36 36 18 36 36 36 36 18 36 18 36 36 36 18 
40 16 99999 16 24 40 16 99999 24 24 24 32 24 16 40 16 24 40 40 24 
48 24 48 48 48 24 48 48 48 48 48 48 48 48 48 48 48 24 24 24 
48 48 48 48 48 48 48 48 48 24 24 48 48 48 48 48 48 24 48 48 
56 28 56 56 56 56 28 56 56 28 28 28 28 56 56 28 28 56 56 28 
24 24 24 24 12 12 24 24 24 24 12 24 24 24 24 12 24 24 24 24 
84 84 84 84 84 84 84 42 84 84 84 42 84 84 84 84 84 84 84 42 
26 26 39 52 39 39 52 65 39 26 26 39 39 65 39 65 26 39 26 26 
10 20 20 20 10 20 20 20 20 10 20 10 20 20 20 20 10 10 20 20 
26 65 65 39 65 39 39 26 39 99999 99999 26 26 26 99999 26 52 26 26 52 
20 10 20 20 20 10 20 20 20 20 20 20 10 20 20 10 20 20 20 20 
44 44 44 44 22 44 44 44 44 44 22 44 44 44 22 44 44 44 22 22 
32 32 32 16 32 16 16 32 32 32 32 32 16 32 32 32 16 16 16 32 
39 52 39 65 26 39 99999 52 26 99999 52 39 39 39 99999 52 99999 99999 99999 39 
24 24 24 24 12 24 12 12 24 12 24 12 24 24 24 24 24 24 12 12 
16 24 32 40 24 24 16 24 16 16 24 24 24 99999 16 40 24 16 16 24 
28 28 14 28 14 28 14 28 28 14 28 14 28 14 28 14 28 28 14 14 
36 36 18 36 36 18 18 18 36 36 18 18 18 36 36 36 36 36 18 36 
20 40 40 40 40 40 40 40 40 40 40 40 20 40 40 40 20 40 40 40 
40 40 40 40 40 40 40 40 40 40 40 40 40 40 40 40 40 20 40 40 
32 16 32 16 32 32 32 16 32 32 32 32 16 16 32 32 32 16 32 32 
48 96 96 48 96 96 96 48 96 96 96 96 96 96 96 96 96 48 96 48 
48 24 48 24 48 48 48 48 48 48 48 48 48 24 24 24 24 48 48 24 
20 40 40 20 20 40 20 20 40 40 40 40 20 40 20 20 20 20 40 40 
18 36 36 36 36 18 36 36 36 36 18 36 18 36 36 36 18 18 18 36 
24 24 48 48 48 48 24 48 24 48 48 48 24 24 48 48 48 48 48 48 
36 36 36 36 36 18 36 36 18 18 18 18 36 36 36 18 36 36 36 36 
44 44 44 22 22 44 44 44 22 44 22 44 22 44 44 22 22 22 44 22 
24 24 24 24 24 24 12 24 24 12 12 12 24 24 24 24 24 24 24 24 
18 18 36 36 36 18 18 36 18 36 18 36 36 36 18 18 18 36 18 36 
18 36 36 36 36 18 18 36 36 36 36 36 36 36 36 36 36 18 36 18 
24 12 12 12 12 12 24 24 12 24 24 24 24 24 24 24 24 24 24 24 
18 36 36 36 18 36 18 18 36 18 36 36 36 36 36 36 36 36 18 36 
18 36 18 36 18 36 36 36 36 18 18 36 36 18 18 36 18 36 18 36 
65 26 26 65 39 99999 52 26 26 65 99999 52 99999 99999 52 99999 39 52 26 65 
20 40 20 40 40 20 40 20 40 20 40 40 40 20 40 40 40 20 20 20 
18 36 36 36 36 18 36 36 36 36 36 36 36 36 36 36 18 36 36 36 
28 28 14 28 14 28 28 28 28 28 28 28 28 28 28 28 28 28 28 28 
20 20 10 20 20 20 20 20 20 20 20 10 20 20 20 20 20 20 20 20 
12 24 24 12 24 12 24 12 24 24 24 24 24 24 24 24 24 12 24 24 
36 36 36 36 36 36 36 36 18 36 36 18 36 36 36 18 18 18 36 18 
72 72 72 72 36 72 36 36 72 72 72 36 36 72 72 36 36 72 36 72 
18 36 36 36 36 36 36 18 18 18 36 18 36 36 36 18 36 18 36 36 
48 48 48 48 24 24 48 24 48 48 24 48 48 48 24 48 48 48 24 24 
44 44 44 22 44 44 22 44 22 44 44 44 44 44 22 22 44 44 44 44 
72 72 72 72 72 36 36 72 72 72 36 72 72 72 36 72 72 72 72 72 
24 32 99999 99999 40 40 16 40 24 24 24 16 99999 32 40 16 16 99999 16 16 
32 16 32 16 16 32 32 32 32 32 32 16 16 32 32 16 32 32 16 32 
26 26 26 26 39 65 99999 26 39 52 26 26 26 99999 39 39 26 39 39 39 
20 40 40 20 40 40 40 40 40 40 20 20 40 40 20 40 40 40 40 40 
18 18 18 36 36 36 36 36 36 36 36 36 36 36 36 36 36 18 36 36 
72 72 36 72 72 72 72 72 72 72 72 72 72 36 72 72 36 72 72 36 
24 24 24 24 24 12 24 24 24 24 24 12 24 24 24 12 12 12 12 24 
18 36 36 36 36 36 36 36 36 36 36 18 18 18 36 36 36 18 18 36 
96 96 96 96 96 96 96 96 48 96 48 96 96 96 96 96 96 96 96 48 
40 40 40 20 40 20 40 40 40 20 40 40 40 40 20 40 40 40 40 40 
48 48 48 24 48 48 48 24 24 48 48 24 48 48 48 48 48 24 48 48 
84 84 84 84 84 42 84 42 84 84 84 84 84 42 84 84 84 84 84 84 
40 99999 32 16 32 40 40 32 40 16 24 24 24 24 16 16 16 16 24 16 
40 40 32 16 16 40 16 16 16 24 16 40 40 32 32 99999 24 40 16 40 
48 48 48 48 48 48 24 48 24 48 48 48 48 48 24 48 48 48 48 24 
55 22 33 22 55 22 22 33 22 99999 22 33 44 33 99999 99999 33 33 99999 33 
26 26 39 26 26 26 26 65 39 99999 26 99999 26 99999 26 39 52 26 99999 39 
44 44 22 44 44 44 44 22 44 44 22 44 44 22 44 44 44 44 44 44 
32 16 32 32 16 32 32 32 32 16 32 16 32 16 32 32 32 32 16 16 
26 52 26 26 52 52 39 26 26 26 39 99999 26 52 26 26 99999 26 39 39 
26 26 65 26 26 26 26 26 99999 65 26 26 52 99999 39 39 65 65 39 99999 
16 16 40 24 99999 24 40 40 24 24 99999 99999 40 24 16 24 40 16 24 24 
44 44 44 44 44 44 22 44 44 22 44 44 44 44 22 22 44 22 44 44 
26 26 39 26 26 26 65 99999 99999 52 26 26 39 26 99999 52 26 26 52 26 
36 36 36 36 36 36 36 18 36 36 18 36 36 36 18 36 18 36 36 36 
28 56 56 28 28 56 56 56 56 56 56 56 28 56 56 28 56 56 56 56 
36 18 36 18 36 36 36 36 36 36 18 36 36 36 36 18 18 36 36 36 
72 72 36 72 72 72 36 72 72 36 72 72 72 72 72 36 72 36 36 72 
28 28 14 14 28 28 28 28 14 28 28 14 28 28 14 28 28 28 14 28 
40 40 40 40 40 20 40 40 20 40 40 20 40 40 40 40 20 40 40 40 
32 32 32 16 16 32 32 32 16 32 16 32 16 32 32 32 32 32 32 16 
40 40 20 20 40 40 40 40 40 40 40 20 20 40 40 40 20 20 40 40 
44 44 22 22 44 22 44 44 44 44 44 44 44 44 44 44 44 44 44 22 
40 40 40 40 40 40 40 40 40 20 20 40 20 40 20 40 40 20 20 40 
40 20 40 40 20 40 40 40 40 40 40 40 40 40 40 40 20 40 40 40 
44 44 44 44 22 44 44 22 44 44 22 22 22 44 22 44 44 44 22 22 
28 28 28 28 28 28 28 28 28 28 14 14 28 28 14 28 28 28 28 14 
32 99999 24 16 24 40 16 16 24 99999 24 99999 24 99999 24 40 40 16 99999 32 
24 24 24 24 24 24 12 24 24 12 24 24 24 24 12 24 12 12 24 24 
20 20 20 40 40 40 40 40 40 40 40 20 40 20 20 20 40 20 40 40 
22 44 44 44 44 44 44 44 22 44 44 44 44 44 22 44 44 22 44 44 
48 48 48 48 48 24 48 48 48 24 48 48 24 48 24 48 24 48 48 48 
42 42 84 42 42 84 84 42 42 84 42 84 84 84 84 84 84 42 84 84 
36 36 36 18 36 36 18 36 18 36 36 36 36 36 36 36 36 18 36 36 
36 36 36 18 36 36 36 18 36 36 36 36 36 36 36 18 36 36 18 18 
40 40 40 40 40 40 40 20 40 20 40 40 20 40 40 20 40 40 40 40 
32 16 32 32 16 32 32 32 16 32 16 32 16 32 32 32 32 32 32 16 
40 40 40 20 20 40 40 40 40 40 40 20 40 20 40 20 20 20 40 40 
20 20 40 40 40 40 20 40 20 40 40 40 40 40 40 20 40 40 40 40 
16 32 32 32 32 32 32 32 32 32 16 32 32 16 16 32 32 32 16 32 
44 44 44 44 44 22 44 22 22 44 44 44 22 44 44 22 44 44 44 22 
65 26 26 99999 39 39 26 99999 65 65 39 52 26 52 26 26 26 26 26 26 
96 96 96 96 96 96 48 96 96 96 96 48 96 96 48 96 96 96 96 96 
32 32 32 16 32 32 32 32 16 32 32 32 32 32 32 16 32 32 32 16 
36 18 36 18 18 36 36 36 36 18 36 36 36 36 18 36 18 36 36 36 
12 24 24 24 12 24 24 24 24 24 12 24 12 12 24 24 24 24 24 12 
42 84 84 84 42 84 42 84 84 42 84 84 84 84 84 42 42 42 84 84 
24 24 24 12 12 24 12 12 24 24 12 12 12 24 12 12 24 24 24 24 
36 18 36 36 36 36 36 18 36 36 36 36 18 36 18 18 18 18 36 36 
44 44 44 44 44 22 22 44 44 44 22 22 44 44 44 44 44 44 44 44 
28 28 14 28 28 28 28 14 14 28 28 28 28 28 28 28 14 28 14 28 
40 20 40 40 40 20 40 40 40 40 40 40 40 40 40 20 40 40 40 40 
36 18 36 36 36 36 18 18 18 36 18 18 18 36 36 36 36 18 36 36 
40 24 16 24 32 99999 99999 40 99999 24 32 99999 24 16 16 24 99999 32 24 24 
16 16 16 16 16 32 16 32 32 16 32 32 32 32 16 32 16 32 32 16 
36 36 36 36 36 18 36 36 36 36 36 18 18 18 36 36 18 36 36 36 
36 36 36 36 36 18 18 36 18 18 36 18 36 36 18 36 36 36 36 36 
12 24 12 12 24 12 24 24 24 24 24 24 24 12 12 24 24 24 24 24 
56 56 56 56 28 28 56 56 28 28 56 56 56 56 56 56 56 56 56 56 
18 36 36 18 18 36 18 36 18 18 18 36 36 18 18 18 36 36 36 18 
28 28 28 14 28 14 28 28 14 28 28 28 28 14 14 14 28 14 14 14 
24 24 24 12 24 24 24 24 24 24 24 24 12 24 24 12 24 24 24 12 
36 18 36 36 18 18 36 36 36 18 18 36 36 36 36 18 36 18 36 36 
32 16 32 32 16 32 32 32 16 32 32 32 32 32 32 32 32 32 32 32 
48 48 24 48 24 48 48 24 48 48 24 24 48 24 24 48 24 24 48 48 
28 14 28 28 14 28 28 28 14 14 28 28 28 28 14 28 28 28 14 14 
36 18 36 36 18 36 36 18 36 36 36 18 36 18 36 18 36 18 36 36 
32 32 16 32 32 16 32 16 32 16 32 32 32 16 32 32 32 16 32 32 
56 28 56 28 56 56 28 56 28 56 56 56 28 56 56 28 56 56 56 28 
32 16 32 16 32 16 16 16 32 32 16 32 32 32 32 32 32 32 32 16 
26 99999 39 26 39 99999 26 39 39 52 39 65 26 26 39 65 39 52 39 26 
16 32 32 32 32 32 32 32 32 32 32 32 32 32 32 32 16 32 32 32 
22 44 33 33 99999 55 22 55 99999 33 33 55 55 99999 44 33 22 55 33 22 
48 48 24 24 48 24 48 24 48 24 48 24 48 48 48 48 48 24 48 48 
55 44 22 44 44 99999 22 55 33 33 55 22 22 33 99999 55 44 44 33 22 
39 65 26 26 39 39 52 39 65 65 99999 26 99999 26 99999 26 39 99999 52 39 
22 99999 99999 55 33 33 22 33 22 55 99999 55 33 99999 22 22 33 44 22 22 
32 16 16 32 32 32 32 16 16 32 32 32 16 16 32 32 32 32 32 16 
36 36 36 36 18 36 36 36 18 36 36 36 18 18 36 36 36 36 18 36 
55 99999 22 55 22 99999 55 33 33 44 22 33 33 22 44 33 44 22 33 99999 
52 26 99999 39 26 26 99999 26 65 65 65 39 26 26 26 52 65 52 99999 65 
24 16 16 24 32 16 16 16 40 16 40 16 24 40 32 24 16 32 99999 24 
24 24 12 24 24 24 24 24 24 24 24 24 24 24 12 24 24 12 24 24 
36 36 18 36 36 36 36 36 18 36 36 18 18 36 18 36 36 36 36 18 
22 22 22 44 44 44 22 44 22 44 44 44 22 44 22 44 22 44 44 44 
16 32 32 16 32 16 32 32 32 32 32 16 32 32 32 32 16 32 32 32 
24 24 48 48 48 48 48 48 48 24 48 24 48 48 48 48 48 24 24 48 
20 20 20 20 20 20 10 20 20 20 20 10 20 20 20 20 20 10 20 10 
22 55 22 22 55 22 44 44 55 22 33 22 55 99999 33 33 99999 22 33 22 
84 84 84 42 84 84 84 84 84 42 84 42 84 42 84 84 84 84 42 84 
36 36 36 36 18 36 18 36 36 36 36 36 36 36 18 36 36 18 36 36 
24 24 24 12 24 24 12 24 12 24 24 24 12 24 12 12 12 24 24 24 
32 32 32 32 32 32 32 16 16 16 32 32 16 32 32 32 32 16 16 32 
14 28 28 28 28 28 14 28 28 28 14 28 28 14 28 28 28 28 28 28 
20 10 20 20 20 20 10 20 20 20 20 10 10 20 10 20 10 20 20 20 
40 20 40 40 40 40 40 40 40 40 40 20 40 40 40 40 40 40 40 40 
12 24 24 12 24 24 24 24 24 24 24 24 24 24 24 24 24 24 24 24 
24 24 16 32 32 16 40 32 24 24 24 32 32 16 24 16 99999 32 40 24 
48 24 48 48 48 48 48 48 48 48 48 24 48 48 24 48 48 48 48 48 
36 36 72 72 72 72 72 36 36 72 72 72 72 36 72 72 36 72 72 72 
20 10 20 10 20 10 20 20 20 20 20 20 20 20 10 20 20 10 10 20 
16 99999 40 16 24 40 32 16 16 40 16 16 24 16 16 16 24 32 32 24 
18 36 36 18 18 36 18 36 36 36 36 36 18 36 18 36 18 36 18 18 
36 36 36 36 36 18 36 18 18 36 36 36 18 36 18 36 36 18 36 36 
20 20 20 20 20 10 10 20 20 10 20 10 20 10 20 10 20 10 20 10 
24 24 40 99999 99999 16 24 32 24 99999 16 24 99999 99999 16 16 24 40 40 24 
12 24 24 24 24 12 24 12 24 24 24 12 24 12 12 12 24 24 12 24 
36 36 36 36 36 36 36 18 36 18 36 36 36 36 36 36 36 36 36 36 
36 36 18 36 36 18 18 18 36 36 36 18 36 18 18 36 18 36 36 36 
24 24 12 12 24 24 24 24 12 12 12 24 12 24 12 12 24 12 24 24 
32 16 32 32 32 32 32 32 32 32 32 32 32 32 32 32 32 32 16 32 
39 39 39 65 26 26 39 99999 26 65 39 52 26 39 26 39 26 39 99999 39 
24 24 12 24 12 12 24 24 24 24 24 12 24 24 12 12 24 24 12 24 
48 48 48 24 48 24 48 48 24 48 24 24 24 48 48 48 48 48 48 48 
16 16 16 16 32 99999 24 24 24 99999 99999 40 32 16 99999 24 24 99999 99999 24 
44 22 33 44 33 33 44 55 55 99999 99999 44 33 22 33 22 22 44 55 22 
28 56 56 56 28 56 28 56 56 56 56 56 56 56 56 28 56 56 56 56 
40 40 40 40 20 40 40 40 40 40 20 40 40 20 20 40 40 40 40 20 
36 36 36 36 36 36 18 36 36 18 36 36 36 36 18 18 36 36 36 36 
40 40 40 40 40 40 40 40 20 40 40 20 40 20 40 20 40 20 40 20 
22 44 44 22 44 22 44 44 44 44 22 44 22 44 44 44 22 44 44 44 
36 36 36 36 36 36 36 18 36 36 18 36 18 18 36 36 18 36 18 36 
40 40 20 40 40 40 20 20 40 40 40 40 40 40 20 40 20 40 40 40 
44 44 44 22 44 44 44 44 44 22 44 44 44 22 44 44 22 44 44 44 
36 36 36 36 36 36 18 18 36 36 36 36 18 36 18 36 18 36 18 18 
72 72 36 72 36 72 36 72 36 72 36 72 36 72 72 72 36 72 72 72 
36 36 36 18 18 36 36 36 36 36 36 36 36 36 36 36 18 36 36 36 
48 48 96 96 96 96 96 48 96 96 96 48 96 48 96 96 96 96 96 48 
16 32 99999 16 40 32 40 24 24 32 24 24 24 40 24 32 40 40 24 99999 
20 10 20 20 20 10 20 20 20 20 20 10 20 10 20 20 20 10 20 20 
36 18 36 18 18 36 36 18 18 36 18 36 36 18 18 36 36 18 36 36 
24 48 48 48 24 24 48 48 24 48 48 48 24 48 48 48 24 24 24 48 
24 24 24 12 24 24 12 24 24 24 24 12 24 12 12 12 24 24 24 24 
36 36 36 36 36 36 36 18 36 36 36 18 36 36 36 36 18 36 36 18 
32 16 32 16 32 16 16 16 32 32 32 32 32 32 32 16 32 32 16 32 
48 48 24 24 48 48 48 48 48 48 48 24 48 24 48 48 48 48 48 48 
84 42 42 84 84 84 42 84 84 84 42 84 84 84 84 84 42 42 84 42 
40 40 40 20 40 40 40 40 20 20 20 20 40 40 40 40 40 40 40 40 
32 32 32 16 32 32 32 32 32 32 32 32 32 16 32 16 32 32 32 16 
44 44 44 22 44 44 44 44 44 44 44 22 22 44 22 22 44 44 44 44 
32 32 32 32 16 16 32 32 32 32 32 16 32 32 16 32 32 16 32 32 
44 22 22 44 22 44 22 44 44 44 44 44 44 22 22 44 44 22 22 44 
36 36 36 36 36 18 36 36 18 18 18 36 36 36 36 18 18 36 18 36 
10 20 20 20 20 10 20 20 20 10 10 20 10 20 20 20 20 10 20 20 
20 20 40 20 40 40 20 20 20 40 20 40 40 40 40 40 40 40 40 40 
24 24 24 24 48 24 48 24 48 24 48 48 48 48 48 48 48 24 24 48 
36 18 36 18 36 18 18 36 36 36 36 36 18 36 36 36 36 36 36 18 
40 40 20 20 20 20 20 40 40 20 40 20 40 20 40 20 20 40 40 40 
24 48 48 48 24 48 24 48 24 48 24 48 48 48 24 24 48 48 48 24 
36 36 36 36 36 36 18 36 36 18 18 36 36 18 36 36 36 36 36 36 
36 18 36 36 36 36 36 18 18 36 18 36 36 36 18 36 36 36 36 18 
36 36 18 36 36 18 36 36 36 36 36 36 36 18 36 36 36 36 36 18 
24 24 24 24 12 12 12 24 24 24 12 24 24 24 12 24 24 24 12 12 
42 84 84 42 84 84 42 84 42 84 84 42 84 84 84 84 84 84 84 42 
20 20 40 20 20 40 40 20 20 40 40 40 40 40 40 40 40 40 20 40 
10 20 20 20 20 10 10 20 20 20 20 20 20 20 20 10 20 20 10 20 
18 36 18 18 36 36 36 36 18 18 18 18 36 36 18 18 36 36 18 36 
48 48 48 48 24 24 48 48 24 24 48 48 48 48 48 48 48 24 48 48 
36 18 36 36 36 18 36 36 36 36 36 18 36 36 18 18 36 18 36 36 
600 600 600 600 600 600 600 600 600 600 600 600 600 600 600 600 600 600 600 600 
600 600 600 600 600 600 600 600 600 600 600 600 600 600 600 600 600 600 600 600 600 600 600 600 600 600 600 600 600 600 600 600 600 600 600 600 600 600 600 600 600 600 600 600 600 600 600 600 600 600 600 600 600 600 600 600 600 600 600 600 600 600 600 600 600 600 600 600 600 600 600 600 600 600 600 600 600 600 600 600 600 600 600 600 600 600 600 600 600 600 600 600 600 600 600 600 600 600 600 600 600 600 600 600 600 600 600 600 600 600 600 600 600 600 600 600 600 600 600 600 600 600 600 600 600 600 600 600 600 600 600 600 600 600 600 600 600 600 600 600 600 600 600 600 600 600 600 600 600 600 600 600 600 600 600 600 600 600 600 600 600 600 600 600 600 600 600 600 600 600 600 600 600 600 600 600 600 600 600 600 600 600 600 600 600 600 600 600 600 600 600 600 600 600 600 600 600 600 600 600 600 600 600 600 600 600 600 600 600 600 600 600 600 600 600 600 600 600 600 600 600 600 600 600 600 600 600 600 600 600 600 600 600 600 600 600 600 600 600 600 600 600 600 600 600 600 600 600 600 600 1 1 1 1 1 1 1 1 1 1 1 1 1 1 1 1 1 1 1 1 1 1 1 1 1 1 1 1 1 1 1 1 1 1 1 1 1 1 1 1 1 1 1 1 1 1 1 1 1 1 1 1 1 1 1 1 1 1 1 1 1 1 1 1 1 1 1 1 1 1 1 1 1 1 1 1 1 1 1 1 1 1 1 1 1 1 1 1 1 1 1 1 1 1 1 1 1 1 1 1 1 1 1 1 1 1 1 1 1 1 1 1 1 1 1 1 1 1 1 1 1 1 1 1 1 1 1 1 1 1 1 1 1 1 1 1 1 1 1 1 1 1 1 1 1 1 1 1 1 1 1 1 1 1 1 1 1 1 1 1 1 1 1 1 1 1 1 1 1 1 1 1 1 1 1 1 1 1 1 1 1 1 1 1 1 1 1 1 1 1 1 1 1 1 1 1 1 1 1 1 1 1 1 1 1 1 1 1 1 1 1 1 1 1 1 1 1 1 1 1 1 1 1 1 1 1 1 1 1 1 1 1 1 1 1 1 1 1 1 1 1 1 1 1 1 1 1 1 1 1 