250
20
115 18 5 92 5 115 130 143 5 94 129 72 129 20 89 92 127 66 115 101 130 6 120 115 82 68 18 72 72 90 92 18 10 117 5 5 115 115 18 93 59 115 20 92 117 129 141 66 5 13 5 59 92 92 66 5 101 72 72 38 10 129 94 94 120 38 5 10 20 115 92 94 18 5 82 90 93 130 66 5 117 79 20 82 93 92 143 38 5 143 122 94 38 18 5 72 49 101 49 82 122 122 129 68 117 10 79 20 94 92 6 18 79 140 140 94 89 122 59 115 55 18 89 18 141 59 55 55 82 18 122 10 55 72 94 90 72 5 90 5 130 59 82 79 90 79 38 117 140 18 59 38 130 82 66 140 55 5 59 143 18 5 6 115 59 129 18 13 127 59 117 130 18 94 5 10 129 94 68 10 20 20 18 120 10 93 5 13 18 92 55 92 5 127 59 101 122 5 72 49 101 115 140 49 122 6 18 130 89 13 89 10 82 143 59 94 6 5 55 68 55 89 127 72 68 10 6 122 127 141 49 129 49 94 38 115 5 140 66 6 66 38 93 18 140 68 5 101 94 120 
16 16 16 16 16 16 16 16 16 16 16 16 16 16 16 16 16 16 16 16 
52 26 52 26 52 52 52 52 52 52 52 52 26 52 52 52 52 52 26 52 
12 24 12 24 24 12 12 24 24 24 24 12 24 12 12 12 12 24 24 24 
30 18 18 12 12 30 18 24 24 12 18 18 30 12 99999 18 18 18 18 24 
56 56 56 28 56 28 28 56 56 56 28 56 56 28 28 56 28 56 56 56 
32 16 32 16 32 32 16 32 32 32 32 32 32 16 32 32 32 32 16 32 
52 52 52 52 52 52 52 52 52 52 52 52 52 52 52 52 26 26 26 52 
24 40 24 24 40 24 24 24 16 32 24 24 16 24 99999 16 24 24 40 32 
42 84 84 84 84 84 42 84 84 42 42 84 84 42 84 84 42 84 42 42 
24 12 24 12 12 24 24 12 12 24 24 24 12 24 24 24 24 24 12 24 
24 24 12 24 24 24 24 24 12 24 24 24 24 24 12 24 24 24 24 24 
28 14 28 28 28 28 14 28 14 28 28 14 28 28 28 28 14 14 14 14 
60 48 24 24 60 36 99999 24 99999 99999 24 60 24 60 36 48 24 36 24 99999 
38 76 76 76 76 76 38 76 76 76 76 76 38 38 76 76 76 76 76 38 
99999 48 48 24 36 24 36 24 24 99999 36 60 60 36 24 36 36 36 60 24 
20 40 40 20 40 40 20 20 40 40 40 40 40 20 40 40 40 40 40 40 
48 24 36 36 24 60 60 60 36 60 48 99999 24 24 24 99999 48 48 24 36 
42 84 42 84 84 42 84 42 84 42 84 84 84 84 42 84 84 84 84 42 
28 28 28 28 14 28 28 28 28 28 28 14 14 14 28 28 28 28 28 28 
36 36 36 36 18 18 36 36 36 36 18 36 18 18 36 36 36 36 18 36 
14 28 14 14 14 14 28 28 28 28 28 28 28 14 14 28 28 14 28 14 
18 36 36 36 18 36 36 18 36 18 18 36 36 36 36 18 36 18 36 36 
44 44 22 22 44 22 22 22 22 44 44 44 44 22 44 44 44 44 44 22 
14 28 28 28 28 28 28 14 28 14 28 14 28 28 28 28 28 28 28 28 
40 20 40 20 20 40 20 20 20 20 40 40 40 20 20 20 40 40 20 40 
24 24 12 24 24 12 24 12 24 24 24 24 24 24 12 12 24 24 24 24 
20 40 40 40 40 40 40 40 40 20 20 20 40 40 40 20 40 40 40 40 
44 44 44 22 44 44 44 22 44 44 22 44 44 44 44 44 44 44 22 22 
40 40 20 40 20 40 40 40 40 40 40 40 40 40 20 20 40 40 40 20 
18 12 12 18 30 99999 99999 18 18 12 12 18 18 18 18 30 18 12 12 99999 
40 40 40 20 40 40 20 40 40 20 40 40 40 40 40 40 20 20 40 40 
18 12 12 18 24 24 12 18 12 99999 99999 99999 12 24 18 99999 12 99999 99999 30 
84 84 84 42 84 84 84 42 42 84 84 84 84 42 84 84 42 42 84 42 
24 24 24 24 12 12 12 24 24 24 24 24 24 12 24 24 24 24 12 24 
18 24 24 12 12 24 18 30 99999 30 12 18 18 30 12 18 30 18 12 24 
44 22 44 44 22 44 44 44 44 44 22 22 44 44 44 22 44 44 44 44 
28 14 28 28 28 14 14 28 14 28 28 28 28 28 28 28 28 28 28 14 
20 20 20 20 20 40 40 20 40 20 20 40 40 40 40 20 40 40 40 40 
40 40 40 40 40 40 20 40 20 40 40 40 40 40 20 40 40 40 20 20 
24 12 24 24 24 12 24 24 12 12 12 24 24 24 12 24 24 24 24 24 
52 26 52 26 52 52 26 26 52 26 52 52 52 52 52 52 52 26 52 52 
32 32 32 16 32 32 32 32 16 32 16 16 16 32 16 32 32 32 32 32 
12 12 12 12 12 12 6 12 12 12 6 12 6 12 12 12 6 6 12 12 
60 60 60 30 60 60 60 60 60 60 60 60 60 60 60 30 60 60 30 60 
76 76 76 38 76 38 38 76 38 76 38 76 38 76 76 76 76 76 76 38 
36 36 36 36 36 36 36 36 18 36 36 36 36 36 36 18 18 36 36 36 
20 40 40 40 20 40 40 40 40 40 40 40 20 40 40 40 40 40 40 40 
32 16 24 24 99999 99999 16 16 40 40 40 99999 16 99999 24 16 24 16 24 16 
92 92 92 92 92 92 92 46 92 92 92 92 92 46 92 92 92 92 46 92 
28 28 14 14 14 14 14 28 28 28 28 28 14 28 28 28 14 28 28 14 
40 40 40 20 20 20 40 20 20 40 20 40 20 20 40 40 40 20 20 40 
12 6 12 6 6 6 12 6 12 12 12 12 6 12 12 12 12 12 12 12 
76 76 76 76 76 76 76 76 76 76 76 76 76 76 38 76 76 38 76 76 
14 28 14 14 28 28 28 28 14 28 28 28 14 28 14 28 28 28 14 28 
18 36 36 36 36 36 36 36 36 36 36 18 18 18 18 36 36 18 36 36 
26 52 26 52 52 26 52 52 52 52 26 52 26 52 52 52 26 26 52 26 
20 40 40 20 40 40 40 20 40 20 40 20 20 40 40 40 40 40 40 40 
18 36 36 36 18 36 36 18 36 36 36 18 36 36 36 36 36 36 36 36 
24 12 12 24 12 12 24 24 24 24 24 24 24 24 24 12 24 12 24 24 
28 28 28 28 28 28 28 28 28 28 28 14 28 28 14 28 14 28 14 14 
28 14 28 14 28 28 14 28 28 28 14 28 14 28 28 28 14 28 28 14 
24 12 24 24 24 12 24 24 24 12 12 24 24 12 24 24 12 12 12 12 
24 18 18 18 99999 24 12 24 18 18 12 18 30 18 12 24 30 99999 99999 12 
40 40 20 40 40 20 40 40 20 40 40 20 20 40 40 20 40 40 40 40 
16 8 8 16 16 16 8 16 16 16 16 8 8 16 16 16 8 16 8 16 
32 16 16 32 16 32 32 32 32 16 32 32 32 16 16 16 32 32 32 32 
18 24 24 24 18 12 18 18 18 24 18 99999 12 18 24 18 24 18 24 12 
16 16 16 16 16 16 16 16 16 16 8 16 8 16 16 16 16 16 16 16 
28 28 28 28 28 28 28 28 28 28 14 28 28 14 28 14 28 14 28 28 
52 52 52 52 52 26 52 52 52 26 52 52 52 52 52 52 52 52 26 52 
52 52 26 52 52 52 52 26 52 26 52 26 26 26 52 52 26 52 52 26 
28 28 28 28 14 28 14 28 28 28 14 14 28 28 28 14 28 28 28 14 
99999 99999 60 36 24 60 48 48 60 24 99999 36 24 99999 36 60 24 36 24 36 
14 14 28 28 14 28 28 14 14 14 28 14 14 28 28 14 28 14 28 28 
28 56 56 28 56 56 56 56 56 56 56 56 56 28 56 28 56 56 28 28 
24 24 24 24 24 24 24 24 24 24 24 24 24 24 24 24 12 12 12 24 
18 18 36 36 36 36 36 36 18 36 36 36 18 36 36 18 36 36 36 36 
44 44 22 44 44 44 22 22 44 44 44 44 22 22 44 44 44 44 44 44 
32 16 32 32 16 32 32 32 32 16 16 32 32 32 32 32 32 32 16 32 
32 32 32 16 32 32 32 32 32 32 32 16 32 16 32 32 32 16 32 32 
18 18 18 18 36 36 36 36 36 36 36 18 36 18 36 36 36 18 36 36 
26 52 52 52 52 26 26 26 26 52 52 52 52 52 52 52 52 52 52 52 
20 40 40 40 40 20 40 40 40 40 40 40 40 40 40 40 40 40 20 40 
6 6 12 12 12 12 6 12 6 12 12 12 12 12 6 12 12 12 12 12 
6 6 6 12 12 12 12 12 12 12 12 12 6 6 12 12 12 12 6 6 
32 32 32 32 16 32 32 32 32 16 32 32 16 32 32 16 16 32 32 32 
20 40 40 40 20 20 20 20 20 20 40 40 40 40 20 20 20 40 40 40 
52 52 26 52 26 52 52 52 26 52 26 52 26 26 52 26 52 52 52 26 
14 28 14 28 28 14 14 14 28 14 28 28 28 28 14 28 28 28 14 14 
40 40 40 40 40 40 40 40 40 40 40 40 20 40 40 40 40 20 40 40 
24 60 60 36 99999 36 60 60 99999 24 60 36 36 36 60 99999 99999 48 48 48 
28 28 14 28 14 28 28 28 28 28 14 28 28 28 28 28 28 28 28 28 
32 16 16 32 32 32 32 16 32 16 32 32 32 32 32 32 32 16 32 32 
30 18 18 24 12 30 30 30 30 12 12 18 99999 18 18 18 18 30 18 24 
12 12 12 24 24 24 24 24 24 12 12 24 24 24 24 24 24 24 24 24 
18 36 36 36 36 36 36 18 36 36 36 36 18 36 18 18 36 36 36 18 
46 46 92 46 46 46 92 46 46 46 46 46 92 92 92 46 92 92 92 46 
40 40 40 20 20 40 40 40 40 20 40 40 40 20 40 40 20 20 20 40 
16 16 32 16 32 32 32 32 16 32 32 32 32 32 16 32 32 16 32 16 
28 28 28 28 28 14 28 28 14 28 28 28 14 28 28 14 28 28 14 14 
60 48 24 99999 36 36 48 99999 99999 48 99999 99999 24 60 99999 36 24 99999 36 36 
40 40 40 40 40 40 20 40 40 40 40 40 40 40 40 40 20 40 20 40 
60 30 30 30 30 60 60 60 30 60 60 60 60 60 60 30 60 60 60 60 
24 12 12 12 24 12 24 24 24 24 24 24 12 24 12 24 24 12 24 24 
99999 40 32 32 16 40 40 40 16 40 24 16 24 24 99999 24 40 32 16 16 
40 40 40 40 40 20 40 20 40 40 20 40 40 40 20 40 40 40 20 40 
76 76 38 38 76 76 38 76 76 76 76 76 38 38 76 76 76 76 76 76 
14 14 14 14 14 28 28 28 28 28 14 28 28 28 14 28 28 28 14 14 
36 24 24 24 24 24 36 36 24 48 48 24 99999 36 36 60 36 48 48 48 
48 24 48 24 48 48 48 48 48 48 24 48 24 24 24 24 24 48 24 48 
28 14 14 28 28 28 28 28 14 14 28 14 28 28 28 14 28 28 28 28 
28 28 28 28 28 28 28 28 28 28 28 28 28 28 28 28 28 28 28 28 
99999 36 48 60 99999 24 24 99999 36 24 99999 99999 36 48 36 48 99999 36 60 24 
52 52 26 52 52 52 52 52 26 52 52 26 52 26 52 52 52 52 52 52 
16 16 16 16 16 16 8 16 16 16 16 8 16 8 16 16 8 16 16 16 
20 20 40 40 40 40 40 40 40 40 40 20 40 20 20 40 20 40 40 40 
22 22 44 22 44 44 22 22 22 44 44 44 44 44 44 44 44 44 22 44 
52 52 26 52 52 52 26 52 52 52 26 52 52 52 52 52 52 52 52 52 
76 76 76 76 76 76 76 76 76 38 76 76 38 76 76 76 76 38 76 76 
14 28 28 14 28 28 28 28 28 28 28 28 14 14 28 28 28 14 28 28 
40 20 20 20 20 40 40 40 40 20 20 40 40 40 20 40 40 40 40 40 
18 18 99999 99999 24 18 24 99999 18 24 12 18 24 30 12 24 18 18 12 12 
44 22 44 44 22 44 44 44 44 44 22 22 22 44 44 22 22 44 44 22 
18 18 30 18 99999 99999 99999 99999 12 18 12 99999 18 12 12 12 24 24 18 12 
12 18 24 18 18 99999 18 18 99999 18 24 18 18 12 18 12 12 18 18 18 
36 18 36 36 36 18 36 18 18 18 36 36 36 18 18 36 36 36 18 18 
36 36 36 36 36 36 36 36 36 36 18 36 18 18 36 18 36 36 18 36 
26 52 52 26 52 26 52 26 52 52 26 52 52 26 52 52 52 52 52 52 
40 40 40 20 40 40 40 20 20 40 20 20 40 40 40 40 40 40 40 40 
28 28 28 14 28 28 28 14 28 28 28 28 28 28 28 28 28 14 28 14 
38 76 38 76 38 76 38 76 76 38 38 76 76 76 76 38 76 38 38 38 
52 52 52 52 26 52 26 26 52 52 52 26 52 52 26 52 52 26 52 52 
12 12 6 12 12 6 12 12 6 6 6 12 6 12 12 6 6 12 12 12 
30 30 60 60 30 60 60 30 60 60 30 60 60 60 60 60 60 60 60 60 
30 12 12 18 24 12 30 18 99999 18 30 99999 12 24 18 24 18 99999 18 30 
20 40 40 20 40 40 40 40 40 20 20 40 40 20 20 40 20 40 20 40 
22 44 44 44 22 22 22 44 22 22 44 22 44 44 22 22 44 44 22 44 
12 24 24 24 12 24 24 24 12 12 24 24 24 24 24 12 24 24 12 24 
36 36 36 36 18 36 18 18 18 18 36 36 36 36 18 36 36 36 18 36 
14 14 14 28 14 14 28 28 14 28 28 14 28 28 28 14 14 28 28 14 
26 52 52 52 52 52 52 52 26 26 52 26 26 52 52 52 26 26 26 26 
32 32 16 32 32 16 16 32 16 16 16 32 16 32 32 32 32 32 16 32 
14 28 14 28 28 28 28 28 14 28 28 28 28 14 28 14 28 28 28 14 
24 24 24 24 24 24 24 24 24 24 12 24 12 12 24 12 12 24 12 12 
24 24 24 24 24 24 12 24 12 24 24 24 24 12 24 24 24 24 12 12 
60 30 60 60 60 60 60 60 60 60 60 60 60 60 60 30 30 60 60 30 
48 24 24 24 60 60 24 36 36 36 99999 36 48 36 36 36 60 99999 99999 48 
12 99999 18 18 12 30 24 12 24 30 30 99999 99999 18 30 12 99999 12 12 12 
14 14 14 28 28 14 28 28 14 14 28 28 28 28 28 28 28 14 28 14 
28 14 28 28 28 14 14 28 14 14 28 28 28 28 28 28 28 14 28 28 
18 18 30 30 18 30 18 18 18 30 18 18 12 18 24 99999 30 18 99999 18 
42 84 84 84 84 84 84 84 42 42 42 42 84 84 84 42 84 84 84 84 
56 28 56 28 56 56 28 56 56 56 56 56 56 28 56 56 56 56 56 56 
40 40 40 40 40 40 40 40 40 40 20 40 20 20 20 40 20 40 40 40 
44 44 44 44 22 44 22 44 44 44 44 44 22 44 44 44 22 44 22 44 
18 12 30 24 30 30 12 99999 12 12 99999 30 12 12 30 18 99999 12 18 30 
99999 24 48 24 36 60 99999 36 24 24 36 60 24 36 36 36 24 99999 36 24 
32 32 32 32 32 32 16 32 32 32 32 32 16 32 32 32 32 32 32 32 
60 60 30 30 30 30 60 60 30 60 60 60 60 60 60 30 60 30 30 60 
40 40 20 20 40 20 40 40 20 40 20 40 20 20 40 40 40 40 40 40 
36 18 18 36 36 18 36 18 36 36 36 18 36 36 36 36 18 18 18 36 
99999 12 12 99999 24 12 30 24 99999 12 24 12 12 99999 18 24 12 12 12 24 
40 40 40 40 40 40 40 40 40 40 40 40 20 20 40 40 40 20 40 40 
24 24 48 24 48 48 48 48 48 48 48 24 48 48 48 48 48 48 48 48 
52 52 52 52 52 52 52 52 52 52 52 26 26 52 26 52 52 52 26 52 
26 26 52 52 26 52 52 52 26 52 52 52 52 52 52 52 26 52 26 26 
38 76 76 76 38 76 76 76 76 76 76 38 38 38 38 76 38 76 76 76 
28 28 28 28 14 28 28 28 28 28 28 28 28 28 28 28 28 28 28 14 
22 22 44 22 22 22 44 44 44 22 44 44 22 22 22 44 44 44 22 44 
28 28 28 28 28 28 28 14 28 14 28 28 28 14 28 14 28 28 14 14 
36 36 36 18 36 36 18 36 36 18 36 36 36 36 36 36 36 36 36 36 
20 40 40 40 40 40 20 40 40 40 40 20 20 40 20 40 40 20 40 20 
60 60 60 60 30 60 60 30 60 60 60 30 60 30 60 30 60 60 30 30 
40 20 40 40 40 20 40 40 40 40 40 40 40 40 40 40 20 40 40 40 
44 44 44 44 44 22 44 44 44 22 44 44 44 22 44 44 44 44 22 44 
44 22 44 44 22 44 44 22 22 44 44 22 44 44 44 44 44 44 44 44 
36 36 36 36 18 36 18 36 36 18 36 36 18 18 36 18 36 36 36 36 
52 52 52 52 52 52 52 26 52 52 26 52 52 52 52 52 52 26 52 52 
28 28 28 28 28 28 14 14 14 14 28 28 28 28 14 28 28 28 28 14 
18 36 18 36 36 36 36 18 36 36 36 36 36 18 36 36 36 36 36 36 
52 26 52 26 52 52 52 52 52 26 26 26 52 52 52 26 52 52 52 52 
84 84 84 42 84 84 84 84 84 42 84 84 42 42 84 42 84 84 84 84 
18 36 36 36 18 36 36 36 36 36 18 36 18 36 36 18 36 18 18 36 
46 92 46 92 92 46 46 46 92 92 92 92 92 46 92 46 92 92 92 92 
20 40 40 40 20 40 20 40 20 40 20 40 40 40 40 40 40 40 40 40 
76 38 76 38 76 76 76 76 76 76 76 76 38 76 38 76 76 76 38 38 
28 14 28 14 14 14 28 28 28 14 28 14 28 28 14 28 14 28 28 28 
24 24 24 24 24 24 24 12 24 24 12 24 12 12 24 24 24 12 12 24 
28 28 14 28 28 28 14 14 28 14 14 28 28 14 28 28 28 28 28 28 
30 30 30 60 60 30 60 60 60 30 30 60 60 60 60 30 30 60 60 60 
12 24 12 24 24 24 24 24 24 24 24 24 24 24 24 24 24 24 24 12 
32 32 99999 24 99999 24 24 16 99999 24 16 16 16 24 99999 16 40 40 16 24 
12 12 24 24 24 24 24 24 12 24 24 24 12 24 24 12 24 24 24 24 
40 20 20 20 40 40 40 40 40 40 20 40 40 20 20 20 40 40 40 40 
52 52 52 52 52 26 52 26 26 52 52 52 26 52 52 52 52 26 52 52 
24 99999 48 24 24 24 36 36 36 48 36 60 60 48 24 36 24 24 99999 36 
32 32 32 16 16 32 32 32 16 16 32 32 32 32 32 32 32 32 16 32 
12 24 24 24 24 12 24 12 24 12 12 24 12 24 12 12 24 12 24 24 
28 28 28 28 28 28 28 14 28 14 14 28 14 28 28 14 28 28 28 14 
52 52 52 26 52 52 52 26 26 52 52 26 26 52 52 26 52 52 26 52 
24 12 24 24 24 24 24 24 24 12 24 24 24 12 24 24 24 24 12 12 
18 30 12 18 30 18 30 12 18 18 99999 30 30 99999 99999 18 24 99999 24 30 
26 52 52 52 52 52 52 52 52 52 52 52 52 26 26 52 52 52 52 52 
28 28 28 14 28 28 28 28 28 28 14 28 28 28 14 28 14 28 28 28 
28 28 28 28 28 28 28 28 28 28 28 28 28 28 14 28 14 28 28 28 
16 24 24 24 16 16 32 16 16 40 32 32 32 40 16 24 16 24 99999 24 
28 28 28 28 28 28 28 14 28 28 28 28 28 28 14 28 14 14 28 28 
36 18 36 36 18 36 36 36 36 36 36 18 36 18 36 18 36 18 36 36 
52 52 52 26 52 26 52 52 26 52 26 26 26 26 52 52 52 26 26 52 
36 36 36 36 36 36 36 36 36 36 36 36 36 18 36 36 18 36 36 36 
14 28 28 28 14 28 28 28 28 28 28 28 28 28 28 14 28 28 14 14 
20 40 20 40 40 40 20 20 40 40 20 40 40 40 20 40 40 40 40 20 
8 16 8 16 16 16 16 16 16 16 8 16 16 16 16 16 16 16 16 16 
40 40 20 40 40 40 40 40 20 40 40 40 20 40 40 20 40 40 20 40 
76 76 76 38 38 76 76 76 38 76 76 76 76 76 76 76 38 76 76 76 
12 24 24 24 12 24 24 12 12 24 12 24 12 24 24 12 12 12 24 24 
92 46 92 92 46 46 46 92 92 92 92 46 92 92 46 92 46 46 46 92 
28 28 28 28 56 56 28 56 56 56 56 56 28 28 28 56 56 28 56 28 
12 12 24 24 12 24 12 24 24 12 24 24 24 24 24 12 12 12 24 12 
44 44 22 44 44 44 44 44 22 44 44 22 44 44 44 22 44 44 22 44 
36 36 18 36 36 36 18 36 36 36 18 18 36 36 36 18 18 36 36 18 
28 28 14 28 14 14 28 28 28 28 14 14 28 14 14 14 14 28 28 28 
16 99999 16 16 32 24 24 24 40 99999 24 40 24 32 40 40 24 40 16 24 
36 18 36 36 36 18 36 36 36 36 36 36 36 36 36 36 36 36 36 36 
36 36 18 36 36 36 36 36 36 36 36 18 36 36 18 36 18 36 36 36 
20 20 40 40 40 20 40 40 40 40 40 40 20 40 40 20 40 40 20 40 
28 28 28 14 14 28 28 28 28 28 14 28 14 28 14 28 28 28 28 28 
32 16 32 16 32 32 16 16 32 32 32 32 32 32 32 32 32 32 32 16 
40 40 20 40 20 20 20 40 40 20 40 40 40 40 40 20 40 20 40 40 
38 76 76 76 76 76 38 38 76 38 38 38 76 76 76 38 76 38 76 76 
40 20 40 40 40 40 40 40 40 40 40 20 20 40 40 40 40 40 40 20 
28 28 28 28 14 28 14 14 14 28 14 28 14 28 28 14 14 14 28 14 
24 24 24 24 24 24 24 12 24 24 24 24 24 24 12 24 24 24 24 12 
52 26 52 52 26 52 26 52 26 52 52 52 52 52 52 52 26 52 52 52 
12 18 12 18 18 18 12 18 12 30 18 99999 18 12 18 99999 99999 12 18 99999 
32 40 24 99999 99999 16 99999 99999 16 99999 16 99999 24 24 99999 32 16 40 32 24 
36 18 36 18 18 18 36 36 36 18 36 36 36 36 36 36 36 36 36 36 
56 56 56 56 56 56 56 56 56 56 56 56 56 28 56 56 56 56 56 56 
32 16 32 16 32 16 32 32 32 16 32 32 32 32 32 32 32 16 32 32 
56 56 56 28 56 56 56 56 28 56 56 28 56 28 56 28 56 56 28 56 
40 20 40 40 20 20 40 40 40 40 40 20 40 40 20 20 40 20 40 20 
52 26 52 52 52 26 52 52 26 52 52 52 26 52 26 52 52 52 52 52 
42 84 42 84 84 42 42 84 84 84 42 84 42 84 84 42 42 84 84 84 
16 8 8 16 16 8 8 16 8 16 16 16 16 16 16 16 8 16 16 16 
28 28 14 14 28 28 28 28 28 28 28 28 28 28 28 14 28 28 28 14 
40 20 40 40 40 20 40 20 40 40 40 40 40 40 40 40 40 20 40 40 
24 12 24 24 12 24 24 24 12 24 24 24 24 24 12 24 12 24 12 24 
18 99999 24 12 18 18 24 24 30 99999 18 12 18 99999 30 99999 12 18 12 24 
12 18 18 99999 12 18 18 30 12 99999 24 24 99999 12 12 30 12 18 12 30 
42 84 84 84 42 84 84 42 84 84 84 84 84 42 42 84 42 84 84 84 
32 16 16 24 99999 32 32 99999 16 99999 24 16 99999 32 16 99999 40 16 24 99999 
600 600 600 600 600 600 600 600 600 600 600 600 600 600 600 600 600 600 600 600 
600 600 600 600 600 600 600 600 600 600 600 600 600 600 600 600 600 600 600 600 600 600 600 600 600 600 600 600 600 600 600 600 600 600 600 600 600 600 600 600 600 600 600 600 600 600 600 600 600 600 600 600 600 600 600 600 600 600 600 600 600 600 600 600 600 600 600 600 600 600 600 600 600 600 600 600 600 600 600 600 600 600 600 600 600 600 600 600 600 600 600 600 600 600 600 600 600 600 600 600 600 600 600 600 600 600 600 600 600 600 600 600 600 600 600 600 600 600 600 600 600 600 600 600 600 600 600 600 600 600 600 600 600 600 600 600 600 600 600 600 600 600 600 600 600 600 600 600 600 600 600 600 600 600 600 600 600 600 600 600 600 600 600 600 600 600 600 600 600 600 600 600 600 600 600 600 600 600 600 600 600 600 600 600 600 600 600 600 600 600 600 600 600 600 600 600 600 600 600 600 600 600 600 600 600 600 600 600 600 600 600 600 600 600 600 600 600 600 600 600 600 600 600 600 600 600 600 600 600 600 600 600 600 600 600 600 600 600 600 600 600 600 600 600 600 600 600 600 600 600 1 1 1 1 1 1 1 1 1 1 1 1 1 1 1 1 1 1 1 1 1 1 1 1 1 1 1 1 1 1 1 1 1 1 1 1 1 1 1 1 1 1 1 1 1 1 1 1 1 1 1 1 1 1 1 1 1 1 1 1 1 1 1 1 1 1 1 1 1 1 1 1 1 1 1 1 1 1 1 1 1 1 1 1 1 1 1 1 1 1 1 1 1 1 1 1 1 1 1 1 1 1 1 1 1 1 1 1 1 1 1 1 1 1 1 1 1 1 1 1 1 1 1 1 1 1 1 1 1 1 1 1 1 1 1 1 1 1 1 1 1 1 1 1 1 1 1 1 1 1 1 1 1 1 1 1 1 1 1 1 1 1 1 1 1 1 1 1 1 1 1 1 1 1 1 1 1 1 1 1 1 1 1 1 1 1 1 1 1 1 1 1 1 1 1 1 1 1 1 1 1 1 1 1 1 1 1 1 1 1 1 1 1 1 1 1 1 1 1 1 1 1 1 1 1 1 1 1 1 1 1 1 1 1 1 1 1 1 1 1 1 1 1 1 1 1 1 1 1 1 