250
20
103 4 104 124 104 103 136 12 33 112 20 141 20 47 5 124 20 91 103 82 136 32 25 103 98 71 4 141 141 51 124 102 67 99 33 109 103 103 102 127 35 103 47 124 99 20 118 91 33 48 109 35 124 124 91 104 82 141 141 35 67 20 112 112 25 35 104 67 47 103 124 112 4 109 98 51 127 136 91 33 99 19 47 98 127 124 12 35 104 12 58 112 35 102 109 141 3 82 3 98 58 58 20 71 99 67 19 47 112 124 32 102 19 118 118 112 5 58 35 103 117 102 5 4 118 35 75 117 98 4 58 67 75 141 112 51 141 33 51 33 136 35 98 19 51 19 35 99 118 102 35 35 136 98 91 118 75 33 35 12 102 33 32 103 35 20 102 48 20 35 99 136 102 112 109 67 20 112 71 67 47 47 4 25 67 127 109 48 4 124 117 124 33 20 35 82 58 33 141 3 82 103 118 3 58 32 4 136 5 48 5 67 98 12 35 112 32 33 117 71 75 5 20 141 71 67 32 58 20 118 3 20 3 112 35 103 109 118 91 32 91 35 127 4 118 71 104 82 112 25 
14 14 14 14 14 14 14 14 14 14 14 14 14 14 14 14 14 14 14 14 
84 42 84 42 84 84 84 84 84 84 84 84 42 84 84 84 84 84 42 84 
14 28 14 28 28 14 14 28 28 28 28 14 28 14 14 14 14 28 28 28 
90 54 54 36 36 90 54 72 72 36 54 54 90 36 99999 54 54 54 54 72 
28 28 28 14 28 14 14 28 28 28 14 28 28 14 14 28 14 28 28 28 
56 28 56 28 56 56 28 56 56 56 56 56 56 28 56 56 56 56 28 56 
84 84 84 84 84 84 84 84 84 84 84 84 84 84 84 84 42 42 42 84 
30 50 30 30 50 30 30 30 20 40 30 30 20 30 99999 20 30 30 50 40 
18 36 36 36 36 36 18 36 36 18 18 36 36 18 36 36 18 36 18 18 
40 20 40 20 20 40 40 20 20 40 40 40 20 40 40 40 40 40 20 40 
28 28 14 28 28 28 28 28 14 28 28 28 28 28 14 28 28 28 28 28 
36 18 36 36 36 36 18 36 18 36 36 18 36 36 36 36 18 18 18 18 
50 40 20 20 50 30 99999 20 99999 99999 20 50 20 50 30 40 20 30 20 99999 
26 52 52 52 52 52 26 52 52 52 52 52 26 26 52 52 52 52 52 26 
99999 40 40 20 30 20 30 20 20 99999 30 50 50 30 20 30 30 30 50 20 
14 28 28 14 28 28 14 14 28 28 28 28 28 14 28 28 28 28 28 28 
32 16 24 24 16 40 40 40 24 40 32 99999 16 16 16 99999 32 32 16 24 
18 36 18 36 36 18 36 18 36 18 36 36 36 36 18 36 36 36 36 18 
36 36 36 36 18 36 36 36 36 36 36 18 18 18 36 36 36 36 36 36 
24 24 24 24 12 12 24 24 24 24 12 24 12 12 24 24 24 24 12 24 
22 44 22 22 22 22 44 44 44 44 44 44 44 22 22 44 44 22 44 22 
24 48 48 48 24 48 48 24 48 24 24 48 48 48 48 24 48 24 48 48 
64 64 32 32 64 32 32 32 32 64 64 64 64 32 64 64 64 64 64 32 
14 28 28 28 28 28 28 14 28 14 28 14 28 28 28 28 28 28 28 28 
28 14 28 14 14 28 14 14 14 14 28 28 28 14 14 14 28 28 14 28 
40 40 20 40 40 20 40 20 40 40 40 40 40 40 20 20 40 40 40 40 
22 44 44 44 44 44 44 44 44 22 22 22 44 44 44 22 44 44 44 44 
64 64 64 32 64 64 64 32 64 64 32 64 64 64 64 64 64 64 32 32 
44 44 22 44 22 44 44 44 44 44 44 44 44 44 22 22 44 44 44 22 
54 36 36 54 90 99999 99999 54 54 36 36 54 54 54 54 90 54 36 36 99999 
44 44 44 22 44 44 22 44 44 22 44 44 44 44 44 44 22 22 44 44 
21 14 14 21 28 28 14 21 14 99999 99999 99999 14 28 21 99999 14 99999 99999 35 
36 36 36 18 36 36 36 18 18 36 36 36 36 18 36 36 18 18 36 18 
40 40 40 40 20 20 20 40 40 40 40 40 40 20 40 40 40 40 20 40 
54 72 72 36 36 72 54 90 99999 90 36 54 54 90 36 54 90 54 36 72 
64 32 64 64 32 64 64 64 64 64 32 32 64 64 64 32 64 64 64 64 
36 18 36 36 36 18 18 36 18 36 36 36 36 36 36 36 36 36 36 18 
22 22 22 22 22 44 44 22 44 22 22 44 44 44 44 22 44 44 44 44 
84 84 84 84 84 84 42 84 42 84 84 84 84 84 42 84 84 84 42 42 
28 14 28 28 28 14 28 28 14 14 14 28 28 28 14 28 28 28 28 28 
40 20 40 20 40 40 20 20 40 20 40 40 40 40 40 40 40 20 40 40 
56 56 56 28 56 56 56 56 28 56 28 28 28 56 28 56 56 56 56 56 
52 52 52 52 52 52 26 52 52 52 26 52 26 52 52 52 26 26 52 52 
36 36 36 18 36 36 36 36 36 36 36 36 36 36 36 18 36 36 18 36 
52 52 52 26 52 26 26 52 26 52 26 52 26 52 52 52 52 52 52 26 
28 28 28 28 28 28 28 28 14 28 28 28 28 28 28 14 14 28 28 28 
18 36 36 36 18 36 36 36 36 36 36 36 18 36 36 36 36 36 36 36 
40 20 30 30 99999 99999 20 20 50 50 50 99999 20 99999 30 20 30 20 30 20 
36 36 36 36 36 36 36 18 36 36 36 36 36 18 36 36 36 36 18 36 
28 28 14 14 14 14 14 28 28 28 28 28 14 28 28 28 14 28 28 14 
28 28 28 14 14 14 28 14 14 28 14 28 14 14 28 28 28 14 14 28 
52 26 52 26 26 26 52 26 52 52 52 52 26 52 52 52 52 52 52 52 
52 52 52 52 52 52 52 52 52 52 52 52 52 52 26 52 52 26 52 52 
22 44 22 22 44 44 44 44 22 44 44 44 22 44 22 44 44 44 22 44 
24 48 48 48 48 48 48 48 48 48 48 24 24 24 24 48 48 24 48 48 
42 84 42 84 84 42 84 84 84 84 42 84 42 84 84 84 42 42 84 42 
14 28 28 14 28 28 28 14 28 14 28 14 14 28 28 28 28 28 28 28 
24 48 48 48 24 48 48 24 48 48 48 24 48 48 48 48 48 48 48 48 
40 20 20 40 20 20 40 40 40 40 40 40 40 40 40 20 40 20 40 40 
36 36 36 36 36 36 36 36 36 36 36 18 36 36 18 36 18 36 18 18 
16 8 16 8 16 16 8 16 16 16 8 16 8 16 16 16 8 16 16 8 
28 14 28 28 28 14 28 28 28 14 14 28 28 14 28 28 14 14 14 14 
28 21 21 21 99999 28 14 28 21 21 14 21 35 21 14 28 35 99999 99999 14 
84 84 42 84 84 42 84 84 42 84 84 42 42 84 84 42 84 84 84 84 
60 30 30 60 60 60 30 60 60 60 60 30 30 60 60 60 30 60 30 60 
56 28 28 56 28 56 56 56 56 28 56 56 56 28 28 28 56 56 56 56 
54 72 72 72 54 36 54 54 54 72 54 99999 36 54 72 54 72 54 72 36 
60 60 60 60 60 60 60 60 60 60 30 60 30 60 60 60 60 60 60 60 
16 16 16 16 16 16 16 16 16 16 8 16 16 8 16 8 16 8 16 16 
40 40 40 40 40 20 40 40 40 20 40 40 40 40 40 40 40 40 20 40 
84 84 42 84 84 84 84 42 84 42 84 42 42 42 84 84 42 84 84 42 
48 48 48 48 24 48 24 48 48 48 24 24 48 48 48 24 48 48 48 24 
99999 99999 50 30 20 50 40 40 50 20 99999 30 20 99999 30 50 20 30 20 30 
24 24 48 48 24 48 48 24 24 24 48 24 24 48 48 24 48 24 48 48 
14 28 28 14 28 28 28 28 28 28 28 28 28 14 28 14 28 28 14 14 
28 28 28 28 28 28 28 28 28 28 28 28 28 28 28 28 14 14 14 28 
24 24 48 48 48 48 48 48 24 48 48 48 24 48 48 24 48 48 48 48 
64 64 32 64 64 64 32 32 64 64 64 64 32 32 64 64 64 64 64 64 
56 28 56 56 28 56 56 56 56 28 28 56 56 56 56 56 56 56 28 56 
52 52 52 26 52 52 52 52 52 52 52 26 52 26 52 52 52 26 52 52 
12 12 12 12 24 24 24 24 24 24 24 12 24 12 24 24 24 12 24 24 
20 40 40 40 40 20 20 20 20 40 40 40 40 40 40 40 40 40 40 40 
14 28 28 28 28 14 28 28 28 28 28 28 28 28 28 28 28 28 14 28 
26 26 52 52 52 52 26 52 26 52 52 52 52 52 26 52 52 52 52 52 
26 26 26 52 52 52 52 52 52 52 52 52 26 26 52 52 52 52 26 26 
56 56 56 56 28 56 56 56 56 28 56 56 28 56 56 28 28 56 56 56 
18 36 36 36 18 18 18 18 18 18 36 36 36 36 18 18 18 36 36 36 
40 40 20 40 20 40 40 40 20 40 20 40 20 20 40 20 40 40 40 20 
8 16 8 16 16 8 8 8 16 8 16 16 16 16 8 16 16 16 8 8 
36 36 36 36 36 36 36 36 36 36 36 36 18 36 36 36 36 18 36 36 
16 40 40 24 99999 24 40 40 99999 16 40 24 24 24 40 99999 99999 32 32 32 
48 48 24 48 24 48 48 48 48 48 24 48 48 48 48 48 48 48 48 48 
56 28 28 56 56 56 56 28 56 28 56 56 56 56 56 56 56 28 56 56 
90 54 54 72 36 90 90 90 90 36 36 54 99999 54 54 54 54 90 54 72 
20 20 20 40 40 40 40 40 40 20 20 40 40 40 40 40 40 40 40 40 
14 28 28 28 28 28 28 14 28 28 28 28 14 28 14 14 28 28 28 14 
18 18 36 18 18 18 36 18 18 18 18 18 36 36 36 18 36 36 36 18 
84 84 84 42 42 84 84 84 84 42 84 84 84 42 84 84 42 42 42 84 
26 26 52 26 52 52 52 52 26 52 52 52 52 52 26 52 52 26 52 26 
16 16 16 16 16 8 16 16 8 16 16 16 8 16 16 8 16 16 8 8 
40 32 16 99999 24 24 32 99999 99999 32 99999 99999 16 40 99999 24 16 99999 24 24 
84 84 84 84 84 84 42 84 84 84 84 84 84 84 84 84 42 84 42 84 
36 18 18 18 18 36 36 36 18 36 36 36 36 36 36 18 36 36 36 36 
40 20 20 20 40 20 40 40 40 40 40 40 20 40 20 40 40 20 40 40 
99999 50 40 40 20 50 50 50 20 50 30 20 30 30 99999 30 50 40 20 20 
40 40 40 40 40 20 40 20 40 40 20 40 40 40 20 40 40 40 20 40 
52 52 26 26 52 52 26 52 52 52 52 52 26 26 52 52 52 52 52 52 
22 22 22 22 22 44 44 44 44 44 22 44 44 44 22 44 44 44 22 22 
30 20 20 20 20 20 30 30 20 40 40 20 99999 30 30 50 30 40 40 40 
64 32 64 32 64 64 64 64 64 64 32 64 32 32 32 32 32 64 32 64 
48 24 24 48 48 48 48 48 24 24 48 24 48 48 48 24 48 48 48 48 
36 36 36 36 36 36 36 36 36 36 36 36 36 36 36 36 36 36 36 36 
99999 30 40 50 99999 20 20 99999 30 20 99999 99999 30 40 30 40 99999 30 50 20 
40 40 20 40 40 40 40 40 20 40 40 20 40 20 40 40 40 40 40 40 
60 60 60 60 60 60 30 60 60 60 60 30 60 30 60 60 30 60 60 60 
18 18 36 36 36 36 36 36 36 36 36 18 36 18 18 36 18 36 36 36 
32 32 64 32 64 64 32 32 32 64 64 64 64 64 64 64 64 64 32 64 
40 40 20 40 40 40 20 40 40 40 20 40 40 40 40 40 40 40 40 40 
52 52 52 52 52 52 52 52 52 26 52 52 26 52 52 52 52 26 52 52 
8 16 16 8 16 16 16 16 16 16 16 16 8 8 16 16 16 8 16 16 
36 18 18 18 18 36 36 36 36 18 18 36 36 36 18 36 36 36 36 36 
21 21 99999 99999 28 21 28 99999 21 28 14 21 28 35 14 28 21 21 14 14 
64 32 64 64 32 64 64 64 64 64 32 32 32 64 64 32 32 64 64 32 
54 54 90 54 99999 99999 99999 99999 36 54 36 99999 54 36 36 36 72 72 54 36 
36 54 72 54 54 99999 54 54 99999 54 72 54 54 36 54 36 36 54 54 54 
24 12 24 24 24 12 24 12 12 12 24 24 24 12 12 24 24 24 12 12 
24 24 24 24 24 24 24 24 24 24 12 24 12 12 24 12 24 24 12 24 
42 84 84 42 84 42 84 42 84 84 42 84 84 42 84 84 84 84 84 84 
40 40 40 20 40 40 40 20 20 40 20 20 40 40 40 40 40 40 40 40 
48 48 48 24 48 48 48 24 48 48 48 48 48 48 48 48 48 24 48 24 
26 52 26 52 26 52 26 52 52 26 26 52 52 52 52 26 52 26 26 26 
40 40 40 40 20 40 20 20 40 40 40 20 40 40 20 40 40 20 40 40 
52 52 26 52 52 26 52 52 26 26 26 52 26 52 52 26 26 52 52 52 
18 18 36 36 18 36 36 18 36 36 18 36 36 36 36 36 36 36 36 36 
35 14 14 21 28 14 35 21 99999 21 35 99999 14 28 21 28 21 99999 21 35 
22 44 44 22 44 44 44 44 44 22 22 44 44 22 22 44 22 44 22 44 
32 64 64 64 32 32 32 64 32 32 64 32 64 64 32 32 64 64 32 64 
14 28 28 28 14 28 28 28 14 14 28 28 28 28 28 14 28 28 14 28 
48 48 48 48 24 48 24 24 24 24 48 48 48 48 24 48 48 48 24 48 
8 8 8 16 8 8 16 16 8 16 16 8 16 16 16 8 8 16 16 8 
42 84 84 84 84 84 84 84 42 42 84 42 42 84 84 84 42 42 42 42 
56 56 28 56 56 28 28 56 28 28 28 56 28 56 56 56 56 56 28 56 
18 36 18 36 36 36 36 36 18 36 36 36 36 18 36 18 36 36 36 18 
40 40 40 40 40 40 40 40 40 40 20 40 20 20 40 20 20 40 20 20 
40 40 40 40 40 40 20 40 20 40 40 40 40 20 40 40 40 40 20 20 
36 18 36 36 36 36 36 36 36 36 36 36 36 36 36 18 18 36 36 18 
40 20 20 20 50 50 20 30 30 30 99999 30 40 30 30 30 50 99999 99999 40 
14 99999 21 21 14 35 28 14 28 35 35 99999 99999 21 35 14 99999 14 14 14 
18 18 18 36 36 18 36 36 18 18 36 36 36 36 36 36 36 18 36 18 
28 14 28 28 28 14 14 28 14 14 28 28 28 28 28 28 28 14 28 28 
21 21 35 35 21 35 21 21 21 35 21 21 14 21 28 99999 35 21 99999 21 
18 36 36 36 36 36 36 36 18 18 18 18 36 36 36 18 36 36 36 36 
28 14 28 14 28 28 14 28 28 28 28 28 28 14 28 28 28 28 28 28 
40 40 40 40 40 40 40 40 40 40 20 40 20 20 20 40 20 40 40 40 
64 64 64 64 32 64 32 64 64 64 64 64 32 64 64 64 32 64 32 64 
21 14 35 28 35 35 14 99999 14 14 99999 35 14 14 35 21 99999 14 21 35 
99999 20 40 20 30 50 99999 30 20 20 30 50 20 30 30 30 20 99999 30 20 
56 56 56 56 56 56 28 56 56 56 56 56 28 56 56 56 56 56 56 56 
36 36 18 18 18 18 36 36 18 36 36 36 36 36 36 18 36 18 18 36 
36 36 18 18 36 18 36 36 18 36 18 36 18 18 36 36 36 36 36 36 
28 14 14 28 28 14 28 14 28 28 28 14 28 28 28 28 14 14 14 28 
99999 14 14 99999 28 14 35 28 99999 14 28 14 14 99999 21 28 14 14 14 28 
44 44 44 44 44 44 44 44 44 44 44 44 22 22 44 44 44 22 44 44 
32 32 64 32 64 64 64 64 64 64 64 32 64 64 64 64 64 64 64 64 
84 84 84 84 84 84 84 84 84 84 84 42 42 84 42 84 84 84 42 84 
20 20 40 40 20 40 40 40 20 40 40 40 40 40 40 40 20 40 20 20 
26 52 52 52 26 52 52 52 52 52 52 26 26 26 26 52 26 52 52 52 
28 28 28 28 14 28 28 28 28 28 28 28 28 28 28 28 28 28 28 14 
32 32 64 32 32 32 64 64 64 32 64 64 32 32 32 64 64 64 32 64 
28 28 28 28 28 28 28 14 28 14 28 28 28 14 28 14 28 28 14 14 
28 28 28 14 28 28 14 28 28 14 28 28 28 28 28 28 28 28 28 28 
42 84 84 84 84 84 42 84 84 84 84 42 42 84 42 84 84 42 84 42 
36 36 36 36 18 36 36 18 36 36 36 18 36 18 36 18 36 36 18 18 
28 14 28 28 28 14 28 28 28 28 28 28 28 28 28 28 14 28 28 28 
64 64 64 64 64 32 64 64 64 32 64 64 64 32 64 64 64 64 32 64 
64 32 64 64 32 64 64 32 32 64 64 32 64 64 64 64 64 64 64 64 
28 28 28 28 14 28 14 28 28 14 28 28 14 14 28 14 28 28 28 28 
40 40 40 40 40 40 40 20 40 40 20 40 40 40 40 40 40 20 40 40 
36 36 36 36 36 36 18 18 18 18 36 36 36 36 18 36 36 36 36 18 
12 24 12 24 24 24 24 12 24 24 24 24 24 12 24 24 24 24 24 24 
40 20 40 20 40 40 40 40 40 20 20 20 40 40 40 20 40 40 40 40 
36 36 36 18 36 36 36 36 36 18 36 36 18 18 36 18 36 36 36 36 
12 24 24 24 12 24 24 24 24 24 12 24 12 24 24 12 24 12 12 24 
18 36 18 36 36 18 18 18 36 36 36 36 36 18 36 18 36 36 36 36 
18 36 36 36 18 36 18 36 18 36 18 36 36 36 36 36 36 36 36 36 
52 26 52 26 52 52 52 52 52 52 52 52 26 52 26 52 52 52 26 26 
44 22 44 22 22 22 44 44 44 22 44 22 44 44 22 44 22 44 44 44 
28 28 28 28 28 28 28 14 28 28 14 28 14 14 28 28 28 14 14 28 
16 16 8 16 16 16 8 8 16 8 8 16 16 8 16 16 16 16 16 16 
18 18 18 36 36 18 36 36 36 18 18 36 36 36 36 18 18 36 36 36 
20 40 20 40 40 40 40 40 40 40 40 40 40 40 40 40 40 40 40 20 
40 40 99999 30 99999 30 30 20 99999 30 20 20 20 30 99999 20 50 50 20 30 
14 14 28 28 28 28 28 28 14 28 28 28 14 28 28 14 28 28 28 28 
84 42 42 42 84 84 84 84 84 84 42 84 84 42 42 42 84 84 84 84 
40 40 40 40 40 20 40 20 20 40 40 40 20 40 40 40 40 20 40 40 
20 99999 40 20 20 20 30 30 30 40 30 50 50 40 20 30 20 20 99999 30 
52 52 52 26 26 52 52 52 26 26 52 52 52 52 52 52 52 52 26 52 
14 28 28 28 28 14 28 14 28 14 14 28 14 28 14 14 28 14 28 28 
48 48 48 48 48 48 48 24 48 24 24 48 24 48 48 24 48 48 48 24 
40 40 40 20 40 40 40 20 20 40 40 20 20 40 40 20 40 40 20 40 
28 14 28 28 28 28 28 28 28 14 28 28 28 14 28 28 28 28 14 14 
21 35 14 21 35 21 35 14 21 21 99999 35 35 99999 99999 21 28 99999 28 35 
42 84 84 84 84 84 84 84 84 84 84 84 84 42 42 84 84 84 84 84 
28 28 28 14 28 28 28 28 28 28 14 28 28 28 14 28 14 28 28 28 
48 48 48 48 48 48 48 48 48 48 48 48 48 48 24 48 24 48 48 48 
20 30 30 30 20 20 40 20 20 50 40 40 40 50 20 30 20 30 99999 30 
36 36 36 36 36 36 36 18 36 36 36 36 36 36 18 36 18 18 36 36 
48 24 48 48 24 48 48 48 48 48 48 24 48 24 48 24 48 24 48 48 
40 40 40 20 40 20 40 40 20 40 20 20 20 20 40 40 40 20 20 40 
28 28 28 28 28 28 28 28 28 28 28 28 28 14 28 28 14 28 28 28 
14 28 28 28 14 28 28 28 28 28 28 28 28 28 28 14 28 28 14 14 
42 84 42 84 84 84 42 42 84 84 42 84 84 84 42 84 84 84 84 42 
30 60 30 60 60 60 60 60 60 60 30 60 60 60 60 60 60 60 60 60 
40 40 20 40 40 40 40 40 20 40 40 40 20 40 40 20 40 40 20 40 
52 52 52 26 26 52 52 52 26 52 52 52 52 52 52 52 26 52 52 52 
20 40 40 40 20 40 40 20 20 40 20 40 20 40 40 20 20 20 40 40 
36 18 36 36 18 18 18 36 36 36 36 18 36 36 18 36 18 18 18 36 
14 14 14 14 28 28 14 28 28 28 28 28 14 14 14 28 28 14 28 14 
14 14 28 28 14 28 14 28 28 14 28 28 28 28 28 14 14 14 28 14 
64 64 32 64 64 64 64 64 32 64 64 32 64 64 64 32 64 64 32 64 
48 48 24 48 48 48 24 48 48 48 24 24 48 48 48 24 24 48 48 24 
28 28 14 28 14 14 28 28 28 28 14 14 28 14 14 14 14 28 28 28 
20 99999 20 20 40 30 30 30 50 99999 30 50 30 40 50 50 30 50 20 30 
24 12 24 24 24 12 24 24 24 24 24 24 24 24 24 24 24 24 24 24 
28 28 14 28 28 28 28 28 28 28 28 14 28 28 14 28 14 28 28 28 
18 18 36 36 36 18 36 36 36 36 36 36 18 36 36 18 36 36 18 36 
16 16 16 8 8 16 16 16 16 16 8 16 8 16 8 16 16 16 16 16 
52 26 52 26 52 52 26 26 52 52 52 52 52 52 52 52 52 52 52 26 
84 84 42 84 42 42 42 84 84 42 84 84 84 84 84 42 84 42 84 84 
26 52 52 52 52 52 26 26 52 26 26 26 52 52 52 26 52 26 52 52 
28 14 28 28 28 28 28 28 28 28 28 14 14 28 28 28 28 28 28 14 
16 16 16 16 8 16 8 8 8 16 8 16 8 16 16 8 8 8 16 8 
28 28 28 28 28 28 28 14 28 28 28 28 28 28 14 28 28 28 28 14 
40 20 40 40 20 40 20 40 20 40 40 40 40 40 40 40 20 40 40 40 
14 21 14 21 21 21 14 21 14 35 21 99999 21 14 21 99999 99999 14 21 99999 
40 50 30 99999 99999 20 99999 99999 20 99999 20 99999 30 30 99999 40 20 50 40 30 
28 14 28 14 14 14 28 28 28 14 28 28 28 28 28 28 28 28 28 28 
28 28 28 28 28 28 28 28 28 28 28 28 28 14 28 28 28 28 28 28 
52 26 52 26 52 26 52 52 52 26 52 52 52 52 52 52 52 26 52 52 
28 28 28 14 28 28 28 28 14 28 28 14 28 14 28 14 28 28 14 28 
44 22 44 44 22 22 44 44 44 44 44 22 44 44 22 22 44 22 44 22 
40 20 40 40 40 20 40 40 20 40 40 40 20 40 20 40 40 40 40 40 
18 36 18 36 36 18 18 36 36 36 18 36 18 36 36 18 18 36 36 36 
60 30 30 60 60 30 30 60 30 60 60 60 60 60 60 60 30 60 60 60 
16 16 8 8 16 16 16 16 16 16 16 16 16 16 16 8 16 16 16 8 
84 42 84 84 84 42 84 42 84 84 84 84 84 84 84 84 84 42 84 84 
28 14 28 28 14 28 28 28 14 28 28 28 28 28 14 28 14 28 14 28 
21 99999 28 14 21 21 28 28 35 99999 21 14 21 99999 35 99999 14 21 14 28 
36 54 54 99999 36 54 54 90 36 99999 72 72 99999 36 36 90 36 54 36 90 
18 36 36 36 18 36 36 18 36 36 36 36 36 18 18 36 18 36 36 36 
40 20 20 30 99999 40 40 99999 20 99999 30 20 99999 40 20 99999 50 20 30 99999 
600 600 600 600 600 600 600 600 600 600 600 600 600 600 600 600 600 600 600 600 
600 600 600 600 600 600 600 600 600 600 600 600 600 600 600 600 600 600 600 600 600 600 600 600 600 600 600 600 600 600 600 600 600 600 600 600 600 600 600 600 600 600 600 600 600 600 600 600 600 600 600 600 600 600 600 600 600 600 600 600 600 600 600 600 600 600 600 600 600 600 600 600 600 600 600 600 600 600 600 600 600 600 600 600 600 600 600 600 600 600 600 600 600 600 600 600 600 600 600 600 600 600 600 600 600 600 600 600 600 600 600 600 600 600 600 600 600 600 600 600 600 600 600 600 600 600 600 600 600 600 600 600 600 600 600 600 600 600 600 600 600 600 600 600 600 600 600 600 600 600 600 600 600 600 600 600 600 600 600 600 600 600 600 600 600 600 600 600 600 600 600 600 600 600 600 600 600 600 600 600 600 600 600 600 600 600 600 600 600 600 600 600 600 600 600 600 600 600 600 600 600 600 600 600 600 600 600 600 600 600 600 600 600 600 600 600 600 600 600 600 600 600 600 600 600 600 600 600 600 600 600 600 600 600 600 600 600 600 600 600 600 600 600 600 600 600 600 600 600 600 1 1 1 1 1 1 1 1 1 1 1 1 1 1 1 1 1 1 1 1 1 1 1 1 1 1 1 1 1 1 1 1 1 1 1 1 1 1 1 1 1 1 1 1 1 1 1 1 1 1 1 1 1 1 1 1 1 1 1 1 1 1 1 1 1 1 1 1 1 1 1 1 1 1 1 1 1 1 1 1 1 1 1 1 1 1 1 1 1 1 1 1 1 1 1 1 1 1 1 1 1 1 1 1 1 1 1 1 1 1 1 1 1 1 1 1 1 1 1 1 1 1 1 1 1 1 1 1 1 1 1 1 1 1 1 1 1 1 1 1 1 1 1 1 1 1 1 1 1 1 1 1 1 1 1 1 1 1 1 1 1 1 1 1 1 1 1 1 1 1 1 1 1 1 1 1 1 1 1 1 1 1 1 1 1 1 1 1 1 1 1 1 1 1 1 1 1 1 1 1 1 1 1 1 1 1 1 1 1 1 1 1 1 1 1 1 1 1 1 1 1 1 1 1 1 1 1 1 1 1 1 1 1 1 1 1 1 1 1 1 1 1 1 1 1 1 1 1 1 1 