250
20
97 33 79 86 79 97 67 109 99 35 110 32 110 20 108 86 5 103 97 143 67 117 96 97 119 1 33 32 32 32 86 86 24 111 99 119 97 97 86 103 70 97 20 86 111 110 32 103 99 21 119 70 86 86 103 79 143 32 32 95 24 110 35 35 96 95 79 24 20 97 86 35 33 119 119 32 103 67 103 99 111 91 20 119 103 86 109 95 79 109 26 35 95 86 119 32 124 143 124 119 26 26 110 1 111 24 91 20 35 86 117 86 91 106 106 35 108 26 70 97 34 86 108 33 32 70 85 34 119 33 26 24 85 32 35 32 32 99 32 99 67 70 119 91 32 91 95 111 106 86 70 95 67 119 103 106 85 99 70 109 86 99 117 97 70 110 86 21 5 70 111 67 86 35 119 24 110 35 1 24 20 20 33 96 24 103 119 21 33 86 34 86 99 5 70 143 26 99 32 124 143 97 106 124 26 117 33 67 108 21 108 24 119 109 70 35 117 99 34 1 85 108 5 32 1 24 117 26 5 32 124 110 124 35 95 97 119 106 103 117 103 95 103 33 106 1 79 143 35 96 
12 12 12 12 12 12 12 12 12 12 12 12 12 12 12 12 12 12 12 12 
16 8 16 8 16 16 16 16 16 16 16 16 8 16 16 16 16 16 8 16 
16 32 16 32 32 16 16 32 32 32 32 16 32 16 16 16 16 32 32 32 
30 18 18 12 12 30 18 24 24 12 18 18 30 12 99999 18 18 18 18 24 
16 16 16 8 16 8 8 16 16 16 8 16 16 8 8 16 8 16 16 16 
40 20 40 20 40 40 20 40 40 40 40 40 40 20 40 40 40 40 20 40 
16 16 16 16 16 16 16 16 16 16 16 16 16 16 16 16 8 8 8 16 
33 55 33 33 55 33 33 33 22 44 33 33 22 33 99999 22 33 33 55 44 
26 52 52 52 52 52 26 52 52 26 26 52 52 26 52 52 26 52 26 26 
56 28 56 28 28 56 56 28 28 56 56 56 28 56 56 56 56 56 28 56 
64 64 32 64 64 64 64 64 32 64 64 64 64 64 32 64 64 64 64 64 
44 22 44 44 44 44 22 44 22 44 44 22 44 44 44 44 22 22 22 22 
50 40 20 20 50 30 99999 20 99999 99999 20 50 20 50 30 40 20 30 20 99999 
32 64 64 64 64 64 32 64 64 64 64 64 32 32 64 64 64 64 64 32 
99999 40 40 20 30 20 30 20 20 99999 30 50 50 30 20 30 30 30 50 20 
18 36 36 18 36 36 18 18 36 36 36 36 36 18 36 36 36 36 36 36 
32 16 24 24 16 40 40 40 24 40 32 99999 16 16 16 99999 32 32 16 24 
26 52 26 52 52 26 52 26 52 26 52 52 52 52 26 52 52 52 52 26 
44 44 44 44 22 44 44 44 44 44 44 22 22 22 44 44 44 44 44 44 
88 88 88 88 44 44 88 88 88 88 44 88 44 44 88 88 88 88 44 88 
12 24 12 12 12 12 24 24 24 24 24 24 24 12 12 24 24 12 24 12 
16 32 32 32 16 32 32 16 32 16 16 32 32 32 32 16 32 16 32 32 
52 52 26 26 52 26 26 26 26 52 52 52 52 26 52 52 52 52 52 26 
14 28 28 28 28 28 28 14 28 14 28 14 28 28 28 28 28 28 28 28 
36 18 36 18 18 36 18 18 18 18 36 36 36 18 18 18 36 36 18 36 
56 56 28 56 56 28 56 28 56 56 56 56 56 56 28 28 56 56 56 56 
12 24 24 24 24 24 24 24 24 12 12 12 24 24 24 12 24 24 24 24 
52 52 52 26 52 52 52 26 52 52 26 52 52 52 52 52 52 52 26 26 
24 24 12 24 12 24 24 24 24 24 24 24 24 24 12 12 24 24 24 12 
18 12 12 18 30 99999 99999 18 18 12 12 18 18 18 18 30 18 12 12 99999 
24 24 24 12 24 24 12 24 24 12 24 24 24 24 24 24 12 12 24 24 
21 14 14 21 28 28 14 21 14 99999 99999 99999 14 28 21 99999 14 99999 99999 35 
52 52 52 26 52 52 52 26 26 52 52 52 52 26 52 52 26 26 52 26 
56 56 56 56 28 28 28 56 56 56 56 56 56 28 56 56 56 56 28 56 
18 24 24 12 12 24 18 30 99999 30 12 18 18 30 12 18 30 18 12 24 
52 26 52 52 26 52 52 52 52 52 26 26 52 52 52 26 52 52 52 52 
44 22 44 44 44 22 22 44 22 44 44 44 44 44 44 44 44 44 44 22 
12 12 12 12 12 24 24 12 24 12 12 24 24 24 24 12 24 24 24 24 
68 68 68 68 68 68 34 68 34 68 68 68 68 68 34 68 68 68 34 34 
32 16 32 32 32 16 32 32 16 16 16 32 32 32 16 32 32 32 32 32 
36 18 36 18 36 36 18 18 36 18 36 36 36 36 36 36 36 18 36 36 
40 40 40 20 40 40 40 40 20 40 20 20 20 40 20 40 40 40 40 40 
24 24 24 24 24 24 12 24 24 24 12 24 12 24 24 24 12 12 24 24 
52 52 52 26 52 52 52 52 52 52 52 52 52 52 52 26 52 52 26 52 
64 64 64 32 64 32 32 64 32 64 32 64 32 64 64 64 64 64 64 32 
12 12 12 12 12 12 12 12 6 12 12 12 12 12 12 6 6 12 12 12 
16 32 32 32 16 32 32 32 32 32 32 32 16 32 32 32 32 32 32 32 
44 22 33 33 99999 99999 22 22 55 55 55 99999 22 99999 33 22 33 22 33 22 
20 20 20 20 20 20 20 10 20 20 20 20 20 10 20 20 20 20 10 20 
28 28 14 14 14 14 14 28 28 28 28 28 14 28 28 28 14 28 28 14 
36 36 36 18 18 18 36 18 18 36 18 36 18 18 36 36 36 18 18 36 
24 12 24 12 12 12 24 12 24 24 24 24 12 24 24 24 24 24 24 24 
64 64 64 64 64 64 64 64 64 64 64 64 64 64 32 64 64 32 64 64 
12 24 12 12 24 24 24 24 12 24 24 24 12 24 12 24 24 24 12 24 
16 32 32 32 32 32 32 32 32 32 32 16 16 16 16 32 32 16 32 32 
8 16 8 16 16 8 16 16 16 16 8 16 8 16 16 16 8 8 16 8 
18 36 36 18 36 36 36 18 36 18 36 18 18 36 36 36 36 36 36 36 
16 32 32 32 16 32 32 16 32 32 32 16 32 32 32 32 32 32 32 32 
56 28 28 56 28 28 56 56 56 56 56 56 56 56 56 28 56 28 56 56 
44 44 44 44 44 44 44 44 44 44 44 22 44 44 22 44 22 44 22 22 
84 42 84 42 84 84 42 84 84 84 42 84 42 84 84 84 42 84 84 42 
32 16 32 32 32 16 32 32 32 16 16 32 32 16 32 32 16 16 16 16 
28 21 21 21 99999 28 14 28 21 21 14 21 35 21 14 28 35 99999 99999 14 
68 68 34 68 68 34 68 68 34 68 68 34 34 68 68 34 68 68 68 68 
88 44 44 88 88 88 44 88 88 88 88 44 44 88 88 88 44 88 44 88 
40 20 20 40 20 40 40 40 40 20 40 40 40 20 20 20 40 40 40 40 
18 24 24 24 18 12 18 18 18 24 18 99999 12 18 24 18 24 18 24 12 
88 88 88 88 88 88 88 88 88 88 44 88 44 88 88 88 88 88 88 88 
84 84 84 84 84 84 84 84 84 84 42 84 84 42 84 42 84 42 84 84 
32 32 32 32 32 16 32 32 32 16 32 32 32 32 32 32 32 32 16 32 
16 16 8 16 16 16 16 8 16 8 16 8 8 8 16 16 8 16 16 8 
36 36 36 36 18 36 18 36 36 36 18 18 36 36 36 18 36 36 36 18 
99999 99999 50 30 20 50 40 40 50 20 99999 30 20 99999 30 50 20 30 20 30 
18 18 36 36 18 36 36 18 18 18 36 18 18 36 36 18 36 18 36 36 
8 16 16 8 16 16 16 16 16 16 16 16 16 8 16 8 16 16 8 8 
64 64 64 64 64 64 64 64 64 64 64 64 64 64 64 64 32 32 32 64 
16 16 32 32 32 32 32 32 16 32 32 32 16 32 32 16 32 32 32 32 
52 52 26 52 52 52 26 26 52 52 52 52 26 26 52 52 52 52 52 52 
40 20 40 40 20 40 40 40 40 20 20 40 40 40 40 40 40 40 20 40 
72 72 72 36 72 72 72 72 72 72 72 36 72 36 72 72 72 36 72 72 
44 44 44 44 88 88 88 88 88 88 88 44 88 44 88 88 88 44 88 88 
16 32 32 32 32 16 16 16 16 32 32 32 32 32 32 32 32 32 32 32 
18 36 36 36 36 18 36 36 36 36 36 36 36 36 36 36 36 36 18 36 
12 12 24 24 24 24 12 24 12 24 24 24 24 24 12 24 24 24 24 24 
12 12 12 24 24 24 24 24 24 24 24 24 12 12 24 24 24 24 12 12 
40 40 40 40 20 40 40 40 40 20 40 40 20 40 40 20 20 40 40 40 
16 32 32 32 16 16 16 16 16 16 32 32 32 32 16 16 16 32 32 32 
32 32 16 32 16 32 32 32 16 32 16 32 16 16 32 16 32 32 32 16 
42 84 42 84 84 42 42 42 84 42 84 84 84 84 42 84 84 84 42 42 
32 32 32 32 32 32 32 32 32 32 32 32 16 32 32 32 32 16 32 32 
16 40 40 24 99999 24 40 40 99999 16 40 24 24 24 40 99999 99999 32 32 32 
36 36 18 36 18 36 36 36 36 36 18 36 36 36 36 36 36 36 36 36 
40 20 20 40 40 40 40 20 40 20 40 40 40 40 40 40 40 20 40 40 
30 18 18 24 12 30 30 30 30 12 12 18 99999 18 18 18 18 30 18 24 
28 28 28 56 56 56 56 56 56 28 28 56 56 56 56 56 56 56 56 56 
6 12 12 12 12 12 12 6 12 12 12 12 6 12 6 6 12 12 12 6 
10 10 20 10 10 10 20 10 10 10 10 10 20 20 20 10 20 20 20 10 
68 68 68 34 34 68 68 68 68 34 68 68 68 34 68 68 34 34 34 68 
36 36 72 36 72 72 72 72 36 72 72 72 72 72 36 72 72 36 72 36 
84 84 84 84 84 42 84 84 42 84 84 84 42 84 84 42 84 84 42 42 
40 32 16 99999 24 24 32 99999 99999 32 99999 99999 16 40 99999 24 16 99999 24 24 
68 68 68 68 68 68 34 68 68 68 68 68 68 68 68 68 34 68 34 68 
52 26 26 26 26 52 52 52 26 52 52 52 52 52 52 26 52 52 52 52 
56 28 28 28 56 28 56 56 56 56 56 56 28 56 28 56 56 28 56 56 
99999 55 44 44 22 55 55 55 22 55 33 22 33 33 99999 33 55 44 22 22 
44 44 44 44 44 22 44 22 44 44 22 44 44 44 22 44 44 44 22 44 
64 64 32 32 64 64 32 64 64 64 64 64 32 32 64 64 64 64 64 64 
12 12 12 12 12 24 24 24 24 24 12 24 24 24 12 24 24 24 12 12 
30 20 20 20 20 20 30 30 20 40 40 20 99999 30 30 50 30 40 40 40 
36 18 36 18 36 36 36 36 36 36 18 36 18 18 18 18 18 36 18 36 
36 18 18 36 36 36 36 36 18 18 36 18 36 36 36 18 36 36 36 36 
44 44 44 44 44 44 44 44 44 44 44 44 44 44 44 44 44 44 44 44 
99999 30 40 50 99999 20 20 99999 30 20 99999 99999 30 40 30 40 99999 30 50 20 
32 32 16 32 32 32 32 32 16 32 32 16 32 16 32 32 32 32 32 32 
88 88 88 88 88 88 44 88 88 88 88 44 88 44 88 88 44 88 88 88 
16 16 32 32 32 32 32 32 32 32 32 16 32 16 16 32 16 32 32 32 
26 26 52 26 52 52 26 26 26 52 52 52 52 52 52 52 52 52 26 52 
32 32 16 32 32 32 16 32 32 32 16 32 32 32 32 32 32 32 32 32 
64 64 64 64 64 64 64 64 64 32 64 64 32 64 64 64 64 32 64 64 
42 84 84 42 84 84 84 84 84 84 84 84 42 42 84 84 84 42 84 84 
32 16 16 16 16 32 32 32 32 16 16 32 32 32 16 32 32 32 32 32 
21 21 99999 99999 28 21 28 99999 21 28 14 21 28 35 14 28 21 21 14 14 
52 26 52 52 26 52 52 52 52 52 26 26 26 52 52 26 26 52 52 26 
18 18 30 18 99999 99999 99999 99999 12 18 12 99999 18 12 12 12 24 24 18 12 
12 18 24 18 18 99999 18 18 99999 18 24 18 18 12 18 12 12 18 18 18 
88 44 88 88 88 44 88 44 44 44 88 88 88 44 44 88 88 88 44 44 
88 88 88 88 88 88 88 88 88 88 44 88 44 44 88 44 88 88 44 88 
8 16 16 8 16 8 16 8 16 16 8 16 16 8 16 16 16 16 16 16 
44 44 44 22 44 44 44 22 22 44 22 22 44 44 44 44 44 44 44 44 
36 36 36 18 36 36 36 18 36 36 36 36 36 36 36 36 36 18 36 18 
32 64 32 64 32 64 32 64 64 32 32 64 64 64 64 32 64 32 32 32 
32 32 32 32 16 32 16 16 32 32 32 16 32 32 16 32 32 16 32 32 
24 24 12 24 24 12 24 24 12 12 12 24 12 24 24 12 12 24 24 24 
26 26 52 52 26 52 52 26 52 52 26 52 52 52 52 52 52 52 52 52 
35 14 14 21 28 14 35 21 99999 21 35 99999 14 28 21 28 21 99999 21 35 
12 24 24 12 24 24 24 24 24 12 12 24 24 12 12 24 12 24 12 24 
26 52 52 52 26 26 26 52 26 26 52 26 52 52 26 26 52 52 26 52 
16 32 32 32 16 32 32 32 16 16 32 32 32 32 32 16 32 32 16 32 
32 32 32 32 16 32 16 16 16 16 32 32 32 32 16 32 32 32 16 32 
42 42 42 84 42 42 84 84 42 84 84 42 84 84 84 42 42 84 84 42 
8 16 16 16 16 16 16 16 8 8 16 8 8 16 16 16 8 8 8 8 
40 40 20 40 40 20 20 40 20 20 20 40 20 40 40 40 40 40 20 40 
22 44 22 44 44 44 44 44 22 44 44 44 44 22 44 22 44 44 44 22 
56 56 56 56 56 56 56 56 56 56 28 56 28 28 56 28 28 56 28 28 
56 56 56 56 56 56 28 56 28 56 56 56 56 28 56 56 56 56 28 28 
52 26 52 52 52 52 52 52 52 52 52 52 52 52 52 26 26 52 52 26 
40 20 20 20 50 50 20 30 30 30 99999 30 40 30 30 30 50 99999 99999 40 
14 99999 21 21 14 35 28 14 28 35 35 99999 99999 21 35 14 99999 14 14 14 
22 22 22 44 44 22 44 44 22 22 44 44 44 44 44 44 44 22 44 22 
28 14 28 28 28 14 14 28 14 14 28 28 28 28 28 28 28 14 28 28 
21 21 35 35 21 35 21 21 21 35 21 21 14 21 28 99999 35 21 99999 21 
26 52 52 52 52 52 52 52 26 26 26 26 52 52 52 26 52 52 52 52 
16 8 16 8 16 16 8 16 16 16 16 16 16 8 16 16 16 16 16 16 
44 44 44 44 44 44 44 44 44 44 22 44 22 22 22 44 22 44 44 44 
52 52 52 52 26 52 26 52 52 52 52 52 26 52 52 52 26 52 26 52 
21 14 35 28 35 35 14 99999 14 14 99999 35 14 14 35 21 99999 14 21 35 
99999 20 40 20 30 50 99999 30 20 20 30 50 20 30 30 30 20 99999 30 20 
40 40 40 40 40 40 20 40 40 40 40 40 20 40 40 40 40 40 40 40 
52 52 26 26 26 26 52 52 26 52 52 52 52 52 52 26 52 26 26 52 
32 32 16 16 32 16 32 32 16 32 16 32 16 16 32 32 32 32 32 32 
12 6 6 12 12 6 12 6 12 12 12 6 12 12 12 12 6 6 6 12 
99999 14 14 99999 28 14 35 28 99999 14 28 14 14 99999 21 28 14 14 14 28 
24 24 24 24 24 24 24 24 24 24 24 24 12 12 24 24 24 12 24 24 
18 18 36 18 36 36 36 36 36 36 36 18 36 36 36 36 36 36 36 36 
16 16 16 16 16 16 16 16 16 16 16 8 8 16 8 16 16 16 8 16 
18 18 36 36 18 36 36 36 18 36 36 36 36 36 36 36 18 36 18 18 
32 64 64 64 32 64 64 64 64 64 64 32 32 32 32 64 32 64 64 64 
28 28 28 28 14 28 28 28 28 28 28 28 28 28 28 28 28 28 28 14 
26 26 52 26 26 26 52 52 52 26 52 52 26 26 26 52 52 52 26 52 
28 28 28 28 28 28 28 14 28 14 28 28 28 14 28 14 28 28 14 14 
12 12 12 6 12 12 6 12 12 6 12 12 12 12 12 12 12 12 12 12 
34 68 68 68 68 68 34 68 68 68 68 34 34 68 34 68 68 34 68 34 
52 52 52 52 26 52 52 26 52 52 52 26 52 26 52 26 52 52 26 26 
36 18 36 36 36 18 36 36 36 36 36 36 36 36 36 36 18 36 36 36 
52 52 52 52 52 26 52 52 52 26 52 52 52 26 52 52 52 52 26 52 
52 26 52 52 26 52 52 26 26 52 52 26 52 52 52 52 52 52 52 52 
12 12 12 12 6 12 6 12 12 6 12 12 6 6 12 6 12 12 12 12 
36 36 36 36 36 36 36 18 36 36 18 36 36 36 36 36 36 18 36 36 
44 44 44 44 44 44 22 22 22 22 44 44 44 44 22 44 44 44 44 22 
44 88 44 88 88 88 88 44 88 88 88 88 88 44 88 88 88 88 88 88 
32 16 32 16 32 32 32 32 32 16 16 16 32 32 32 16 32 32 32 32 
52 52 52 26 52 52 52 52 52 26 52 52 26 26 52 26 52 52 52 52 
44 88 88 88 44 88 88 88 88 88 44 88 44 88 88 44 88 44 44 88 
10 20 10 20 20 10 10 10 20 20 20 20 20 10 20 10 20 20 20 20 
16 32 32 32 16 32 16 32 16 32 16 32 32 32 32 32 32 32 32 32 
64 32 64 32 64 64 64 64 64 64 64 64 32 64 32 64 64 64 32 32 
24 12 24 12 12 12 24 24 24 12 24 12 24 24 12 24 12 24 24 24 
64 64 64 64 64 64 64 32 64 64 32 64 32 32 64 64 64 32 32 64 
84 84 42 84 84 84 42 42 84 42 42 84 84 42 84 84 84 84 84 84 
26 26 26 52 52 26 52 52 52 26 26 52 52 52 52 26 26 52 52 52 
28 56 28 56 56 56 56 56 56 56 56 56 56 56 56 56 56 56 56 28 
44 44 99999 33 99999 33 33 22 99999 33 22 22 22 33 99999 22 55 55 22 33 
32 32 64 64 64 64 64 64 32 64 64 64 32 64 64 32 64 64 64 64 
68 34 34 34 68 68 68 68 68 68 34 68 68 34 34 34 68 68 68 68 
32 32 32 32 32 16 32 16 16 32 32 32 16 32 32 32 32 16 32 32 
20 99999 40 20 20 20 30 30 30 40 30 50 50 40 20 30 20 20 99999 30 
72 72 72 36 36 72 72 72 36 36 72 72 72 72 72 72 72 72 36 72 
32 64 64 64 64 32 64 32 64 32 32 64 32 64 32 32 64 32 64 64 
36 36 36 36 36 36 36 18 36 18 18 36 18 36 36 18 36 36 36 18 
32 32 32 16 32 32 32 16 16 32 32 16 16 32 32 16 32 32 16 32 
32 16 32 32 32 32 32 32 32 16 32 32 32 16 32 32 32 32 16 16 
21 35 14 21 35 21 35 14 21 21 99999 35 35 99999 99999 21 28 99999 28 35 
8 16 16 16 16 16 16 16 16 16 16 16 16 8 8 16 16 16 16 16 
28 28 28 14 28 28 28 28 28 28 14 28 28 28 14 28 14 28 28 28 
36 36 36 36 36 36 36 36 36 36 36 36 36 36 18 36 18 36 36 36 
22 33 33 33 22 22 44 22 22 55 44 44 44 55 22 33 22 33 99999 33 
44 44 44 44 44 44 44 22 44 44 44 44 44 44 22 44 22 22 44 44 
32 16 32 32 16 32 32 32 32 32 32 16 32 16 32 16 32 16 32 32 
32 32 32 16 32 16 32 32 16 32 16 16 16 16 32 32 32 16 16 32 
12 12 12 12 12 12 12 12 12 12 12 12 12 6 12 12 6 12 12 12 
14 28 28 28 14 28 28 28 28 28 28 28 28 28 28 14 28 28 14 14 
34 68 34 68 68 68 34 34 68 68 34 68 68 68 34 68 68 68 68 34 
44 88 44 88 88 88 88 88 88 88 44 88 88 88 88 88 88 88 88 88 
44 44 22 44 44 44 44 44 22 44 44 44 22 44 44 22 44 44 22 44 
64 64 64 32 32 64 64 64 32 64 64 64 64 64 64 64 32 64 64 64 
28 56 56 56 28 56 56 28 28 56 28 56 28 56 56 28 28 28 56 56 
20 10 20 20 10 10 10 20 20 20 20 10 20 20 10 20 10 10 10 20 
8 8 8 8 16 16 8 16 16 16 16 16 8 8 8 16 16 8 16 8 
32 32 64 64 32 64 32 64 64 32 64 64 64 64 64 32 32 32 64 32 
52 52 26 52 52 52 52 52 26 52 52 26 52 52 52 26 52 52 26 52 
32 32 16 32 32 32 16 32 32 32 16 16 32 32 32 16 16 32 32 16 
28 28 14 28 14 14 28 28 28 28 14 14 28 14 14 14 14 28 28 28 
22 99999 22 22 44 33 33 33 55 99999 33 55 33 44 55 55 33 55 22 33 
88 44 88 88 88 44 88 88 88 88 88 88 88 88 88 88 88 88 88 88 
12 12 6 12 12 12 12 12 12 12 12 6 12 12 6 12 6 12 12 12 
16 16 32 32 32 16 32 32 32 32 32 32 16 32 32 16 32 32 16 32 
84 84 84 42 42 84 84 84 84 84 42 84 42 84 42 84 84 84 84 84 
72 36 72 36 72 72 36 36 72 72 72 72 72 72 72 72 72 72 72 36 
68 68 34 68 34 34 34 68 68 34 68 68 68 68 68 34 68 34 68 68 
32 64 64 64 64 64 32 32 64 32 32 32 64 64 64 32 64 32 64 64 
36 18 36 36 36 36 36 36 36 36 36 18 18 36 36 36 36 36 36 18 
84 84 84 84 42 84 42 42 42 84 42 84 42 84 84 42 42 42 84 42 
64 64 64 64 64 64 64 32 64 64 64 64 64 64 32 64 64 64 64 32 
36 18 36 36 18 36 18 36 18 36 36 36 36 36 36 36 18 36 36 36 
14 21 14 21 21 21 14 21 14 35 21 99999 21 14 21 99999 99999 14 21 99999 
44 55 33 99999 99999 22 99999 99999 22 99999 22 99999 33 33 99999 44 22 55 44 33 
12 6 12 6 6 6 12 12 12 6 12 12 12 12 12 12 12 12 12 12 
16 16 16 16 16 16 16 16 16 16 16 16 16 8 16 16 16 16 16 16 
72 36 72 36 72 36 72 72 72 36 72 72 72 72 72 72 72 36 72 72 
16 16 16 8 16 16 16 16 8 16 16 8 16 8 16 8 16 16 8 16 
24 12 24 24 12 12 24 24 24 24 24 12 24 24 12 12 24 12 24 12 
36 18 36 36 36 18 36 36 18 36 36 36 18 36 18 36 36 36 36 36 
26 52 26 52 52 26 26 52 52 52 26 52 26 52 52 26 26 52 52 52 
88 44 44 88 88 44 44 88 44 88 88 88 88 88 88 88 44 88 88 88 
84 84 42 42 84 84 84 84 84 84 84 84 84 84 84 42 84 84 84 42 
68 34 68 68 68 34 68 34 68 68 68 68 68 68 68 68 68 34 68 68 
32 16 32 32 16 32 32 32 16 32 32 32 32 32 16 32 16 32 16 32 
21 99999 28 14 21 21 28 28 35 99999 21 14 21 99999 35 99999 14 21 14 28 
12 18 18 99999 12 18 18 30 12 99999 24 24 99999 12 12 30 12 18 12 30 
26 52 52 52 26 52 52 26 52 52 52 52 52 26 26 52 26 52 52 52 
44 22 22 33 99999 44 44 99999 22 99999 33 22 99999 44 22 99999 55 22 33 99999 
600 600 600 600 600 600 600 600 600 600 600 600 600 600 600 600 600 600 600 600 
600 600 600 600 600 600 600 600 600 600 600 600 600 600 600 600 600 600 600 600 600 600 600 600 600 600 600 600 600 600 600 600 600 600 600 600 600 600 600 600 600 600 600 600 600 600 600 600 600 600 600 600 600 600 600 600 600 600 600 600 600 600 600 600 600 600 600 600 600 600 600 600 600 600 600 600 600 600 600 600 600 600 600 600 600 600 600 600 600 600 600 600 600 600 600 600 600 600 600 600 600 600 600 600 600 600 600 600 600 600 600 600 600 600 600 600 600 600 600 600 600 600 600 600 600 600 600 600 600 600 600 600 600 600 600 600 600 600 600 600 600 600 600 600 600 600 600 600 600 600 600 600 600 600 600 600 600 600 600 600 600 600 600 600 600 600 600 600 600 600 600 600 600 600 600 600 600 600 600 600 600 600 600 600 600 600 600 600 600 600 600 600 600 600 600 600 600 600 600 600 600 600 600 600 600 600 600 600 600 600 600 600 600 600 600 600 600 600 600 600 600 600 600 600 600 600 600 600 600 600 600 600 600 600 600 600 600 600 600 600 600 600 600 600 600 600 600 600 600 600 1 1 1 1 1 1 1 1 1 1 1 1 1 1 1 1 1 1 1 1 1 1 1 1 1 1 1 1 1 1 1 1 1 1 1 1 1 1 1 1 1 1 1 1 1 1 1 1 1 1 1 1 1 1 1 1 1 1 1 1 1 1 1 1 1 1 1 1 1 1 1 1 1 1 1 1 1 1 1 1 1 1 1 1 1 1 1 1 1 1 1 1 1 1 1 1 1 1 1 1 1 1 1 1 1 1 1 1 1 1 1 1 1 1 1 1 1 1 1 1 1 1 1 1 1 1 1 1 1 1 1 1 1 1 1 1 1 1 1 1 1 1 1 1 1 1 1 1 1 1 1 1 1 1 1 1 1 1 1 1 1 1 1 1 1 1 1 1 1 1 1 1 1 1 1 1 1 1 1 1 1 1 1 1 1 1 1 1 1 1 1 1 1 1 1 1 1 1 1 1 1 1 1 1 1 1 1 1 1 1 1 1 1 1 1 1 1 1 1 1 1 1 1 1 1 1 1 1 1 1 1 1 1 1 1 1 1 1 1 1 1 1 1 1 1 1 1 1 1 1 