250
20
128 75 78 34 111 96 93 128 125 29 40 15 106 42 128 93 111 111 94 24 93 42 70 15 125 51 32 60 107 93 135 11 51 111 78 42 70 135 51 107 137 106 64 24 137 15 29 45 40 93 135 34 40 45 70 124 32 111 65 75 128 128 93 137 32 45 45 33 60 94 94 93 128 45 2 2 33 33 125 124 65 128 65 75 124 32 15 137 80 70 135 40 70 51 51 135 51 107 96 135 64 32 34 65 128 11 65 15 93 137 96 129 106 93 75 33 64 32 75 29 34 15 125 51 42 33 125 45 80 45 40 60 129 129 137 96 107 64 40 19 128 96 32 29 45 15 75 65 107 42 78 15 40 2 19 15 124 60 128 33 107 75 125 124 75 51 124 78 33 137 75 11 65 62 125 24 78 34 29 34 128 107 51 62 128 32 40 19 11 19 124 96 40 94 62 65 78 128 19 42 40 33 62 42 42 96 15 42 51 107 75 40 45 111 124 80 94 75 2 96 93 64 78 107 60 80 128 34 42 51 40 70 70 15 24 45 65 80 64 15 129 45 19 60 29 40 129 65 135 80 
12 12 12 12 12 12 12 12 12 12 12 12 12 12 12 12 12 12 12 12 
32 16 16 32 32 16 32 32 32 32 32 32 32 32 32 32 32 32 32 32 
6 6 12 12 12 12 12 12 12 12 12 12 12 6 12 6 6 6 6 12 
24 48 48 48 24 48 24 48 24 48 48 48 48 48 48 48 48 24 48 48 
18 36 36 18 18 36 36 18 36 18 18 18 36 36 36 18 36 36 36 36 
32 32 32 32 16 24 99999 32 99999 24 24 32 24 16 40 24 16 99999 40 32 
40 40 40 40 40 20 40 20 40 40 40 40 40 40 40 40 40 20 40 40 
48 48 48 48 48 48 24 48 48 48 48 48 48 24 48 48 48 24 48 48 
56 56 28 56 56 28 56 56 28 28 56 56 56 56 56 56 56 56 56 56 
42 42 84 42 84 84 42 84 84 84 84 84 84 42 42 84 84 84 84 84 
20 50 50 30 99999 20 20 30 30 99999 40 20 30 30 40 40 40 30 50 20 
32 32 16 16 32 32 32 32 32 32 16 32 16 32 32 16 32 32 16 16 
16 16 32 32 32 16 32 16 32 32 32 32 32 16 32 16 32 32 32 32 
20 50 30 40 99999 99999 30 40 50 20 40 99999 30 30 30 99999 40 50 30 20 
48 48 24 48 48 48 48 48 24 48 48 48 24 48 48 48 48 48 24 48 
30 40 50 30 20 50 50 40 30 99999 50 20 30 30 30 20 99999 99999 99999 30 
48 48 48 24 24 48 24 48 48 48 48 48 24 24 24 48 24 48 48 24 
76 76 76 76 38 76 76 76 76 76 76 76 76 76 76 76 38 76 76 76 
24 24 48 48 48 48 48 48 48 24 24 48 24 24 48 24 48 48 48 48 
16 16 99999 40 24 16 32 24 16 32 16 16 24 24 32 24 24 99999 32 32 
40 20 20 40 20 40 40 40 40 40 40 40 40 20 40 20 20 40 20 20 
48 48 48 48 48 24 24 48 24 48 48 48 48 48 48 48 48 24 48 48 
20 40 40 20 40 40 40 40 40 20 40 40 20 40 20 40 40 20 40 40 
48 48 48 48 48 48 48 24 48 48 48 48 24 48 48 48 48 24 24 24 
28 28 28 28 28 28 28 14 28 28 14 28 14 28 28 14 14 14 28 28 
16 40 40 99999 16 16 16 24 24 40 16 32 24 16 40 99999 24 24 40 32 
48 48 48 48 24 48 48 48 48 48 24 48 24 48 48 24 48 48 48 48 
40 40 40 20 40 40 40 20 40 40 20 40 40 20 20 40 40 40 40 40 
24 24 12 24 24 24 24 12 24 12 12 24 24 12 12 24 12 24 24 24 
36 36 36 18 36 18 36 18 36 36 36 36 36 36 36 18 36 36 36 36 
24 24 48 24 48 24 48 24 48 48 24 48 48 48 24 48 24 24 48 48 
24 12 24 12 24 24 12 12 24 24 12 12 24 24 24 24 24 12 24 12 
16 32 16 32 32 32 32 32 32 32 32 32 32 32 16 32 16 32 32 32 
20 20 20 20 10 10 20 20 10 20 20 20 20 20 20 20 10 20 20 20 
24 24 24 24 48 48 24 24 48 24 48 24 48 48 24 24 48 24 24 48 
16 40 32 24 40 99999 99999 16 16 99999 99999 99999 99999 32 16 24 40 40 24 16 
32 32 32 16 32 32 32 32 16 32 32 32 32 16 32 16 32 32 32 16 
50 20 99999 20 30 50 20 99999 30 30 30 40 30 20 50 20 30 50 50 30 
68 34 68 68 68 34 68 68 68 68 68 68 68 68 68 68 68 34 34 34 
68 68 68 68 68 68 68 68 68 34 34 68 68 68 68 68 68 34 68 68 
32 16 32 32 32 32 16 32 32 16 16 16 16 32 32 16 16 32 32 16 
44 44 44 44 22 22 44 44 44 44 22 44 44 44 44 22 44 44 44 44 
40 40 40 40 40 40 40 20 40 40 40 20 40 40 40 40 40 40 40 20 
20 20 30 40 30 30 40 50 30 20 20 30 30 50 30 50 20 30 20 20 
28 56 56 56 28 56 56 56 56 28 56 28 56 56 56 56 28 28 56 56 
16 40 40 24 40 24 24 16 24 99999 99999 16 16 16 99999 16 32 16 16 32 
56 28 56 56 56 28 56 56 56 56 56 56 28 56 56 28 56 56 56 56 
48 48 48 48 24 48 48 48 48 48 24 48 48 48 24 48 48 48 24 24 
36 36 36 18 36 18 18 36 36 36 36 36 18 36 36 36 18 18 18 36 
30 40 30 50 20 30 99999 40 20 99999 40 30 30 30 99999 40 99999 99999 99999 30 
92 92 92 92 46 92 46 46 92 46 92 46 92 92 92 92 92 92 46 46 
16 24 32 40 24 24 16 24 16 16 24 24 24 99999 16 40 24 16 16 24 
32 32 16 32 16 32 16 32 32 16 32 16 32 16 32 16 32 32 16 16 
48 48 24 48 48 24 24 24 48 48 24 24 24 48 48 48 48 48 24 48 
42 84 84 84 84 84 84 84 84 84 84 84 42 84 84 84 42 84 84 84 
48 48 48 48 48 48 48 48 48 48 48 48 48 48 48 48 48 24 48 48 
48 24 48 24 48 48 48 24 48 48 48 48 24 24 48 48 48 24 48 48 
20 40 40 20 40 40 40 20 40 40 40 40 40 40 40 40 40 20 40 20 
68 34 68 34 68 68 68 68 68 68 68 68 68 34 34 34 34 68 68 34 
42 84 84 42 42 84 42 42 84 84 84 84 42 84 42 42 42 42 84 84 
8 16 16 16 16 8 16 16 16 16 8 16 8 16 16 16 8 8 8 16 
34 34 68 68 68 68 34 68 34 68 68 68 34 34 68 68 68 68 68 68 
48 48 48 48 48 24 48 48 24 24 24 24 48 48 48 24 48 48 48 48 
48 48 48 24 24 48 48 48 24 48 24 48 24 48 48 24 24 24 48 24 
92 92 92 92 92 92 46 92 92 46 46 46 92 92 92 92 92 92 92 92 
24 24 48 48 48 24 24 48 24 48 24 48 48 48 24 24 24 48 24 48 
16 32 32 32 32 16 16 32 32 32 32 32 32 32 32 32 32 16 32 16 
44 22 22 22 22 22 44 44 22 44 44 44 44 44 44 44 44 44 44 44 
24 48 48 48 24 48 24 24 48 24 48 48 48 48 48 48 48 48 24 48 
24 48 24 48 24 48 48 48 48 24 24 48 48 24 24 48 24 48 24 48 
40 16 16 40 24 99999 32 16 16 40 99999 32 99999 99999 32 99999 24 32 16 40 
42 84 42 84 84 42 84 42 84 42 84 84 84 42 84 84 84 42 42 42 
16 32 32 32 32 16 32 32 32 32 32 32 32 32 32 32 16 32 32 32 
32 32 16 32 16 32 32 32 32 32 32 32 32 32 32 32 32 32 32 32 
56 56 28 56 56 56 56 56 56 56 56 28 56 56 56 56 56 56 56 56 
22 44 44 22 44 22 44 22 44 44 44 44 44 44 44 44 44 22 44 44 
76 76 76 76 76 76 76 76 38 76 76 38 76 76 76 38 38 38 76 38 
36 36 36 36 18 36 18 18 36 36 36 18 18 36 36 18 18 36 18 36 
8 16 16 16 16 16 16 8 8 8 16 8 16 16 16 8 16 8 16 16 
12 12 12 12 6 6 12 6 12 12 6 12 12 12 6 12 12 12 6 6 
48 48 48 24 48 48 24 48 24 48 48 48 48 48 24 24 48 48 48 48 
48 48 48 48 48 24 24 48 48 48 24 48 48 48 24 48 48 48 48 48 
30 40 99999 99999 50 50 20 50 30 30 30 20 99999 40 50 20 20 99999 20 20 
36 18 36 18 18 36 36 36 36 36 36 18 18 36 36 18 36 36 18 36 
20 20 20 20 30 50 99999 20 30 40 20 20 20 99999 30 30 20 30 30 30 
24 48 48 24 48 48 48 48 48 48 24 24 48 48 24 48 48 48 48 48 
24 24 24 48 48 48 48 48 48 48 48 48 48 48 48 48 48 24 48 48 
48 48 24 48 48 48 48 48 48 48 48 48 48 24 48 48 24 48 48 24 
92 92 92 92 92 46 92 92 92 92 92 46 92 92 92 46 46 46 46 92 
8 16 16 16 16 16 16 16 16 16 16 8 8 8 16 16 16 8 8 16 
40 40 40 40 40 40 40 40 20 40 20 40 40 40 40 40 40 40 40 20 
84 84 84 42 84 42 84 84 84 42 84 84 84 84 42 84 84 84 84 84 
12 12 12 6 12 12 12 6 6 12 12 6 12 12 12 12 12 6 12 12 
40 40 40 40 40 20 40 20 40 40 40 40 40 20 40 40 40 40 40 40 
40 99999 32 16 32 40 40 32 40 16 24 24 24 24 16 16 16 16 24 16 
40 40 32 16 16 40 16 16 16 24 16 40 40 32 32 99999 24 40 16 40 
12 12 12 12 12 12 6 12 6 12 12 12 12 12 6 12 12 12 12 6 
40 16 24 16 40 16 16 24 16 99999 16 24 32 24 99999 99999 24 24 99999 24 
16 16 24 16 16 16 16 40 24 99999 16 99999 16 99999 16 24 32 16 99999 24 
24 24 12 24 24 24 24 12 24 24 12 24 24 12 24 24 24 24 24 24 
36 18 36 36 18 36 36 36 36 18 36 18 36 18 36 36 36 36 18 18 
16 32 16 16 32 32 24 16 16 16 24 99999 16 32 16 16 99999 16 24 24 
16 16 40 16 16 16 16 16 99999 40 16 16 32 99999 24 24 40 40 24 99999 
20 20 50 30 99999 30 50 50 30 30 99999 99999 50 30 20 30 50 20 30 30 
48 48 48 48 48 48 24 48 48 24 48 48 48 48 24 24 48 24 48 48 
16 16 24 16 16 16 40 99999 99999 32 16 16 24 16 99999 32 16 16 32 16 
16 16 16 16 16 16 16 8 16 16 8 16 16 16 8 16 8 16 16 16 
16 32 32 16 16 32 32 32 32 32 32 32 16 32 32 16 32 32 32 32 
32 16 32 16 32 32 32 32 32 32 16 32 32 32 32 16 16 32 32 32 
36 36 18 36 36 36 18 36 36 18 36 36 36 36 36 18 36 18 18 36 
32 32 16 16 32 32 32 32 16 32 32 16 32 32 16 32 32 32 16 32 
48 48 48 48 48 24 48 48 24 48 48 24 48 48 48 48 24 48 48 48 
36 36 36 18 18 36 36 36 18 36 18 36 18 36 36 36 36 36 36 18 
84 84 42 42 84 84 84 84 84 84 84 42 42 84 84 84 42 42 84 84 
48 48 24 24 48 24 48 48 48 48 48 48 48 48 48 48 48 48 48 24 
28 28 28 28 28 28 28 28 28 14 14 28 14 28 14 28 28 14 14 28 
84 42 84 84 42 84 84 84 84 84 84 84 84 84 84 84 42 84 84 84 
48 48 48 48 24 48 48 24 48 48 24 24 24 48 24 48 48 48 24 24 
32 32 32 32 32 32 32 32 32 32 16 16 32 32 16 32 32 32 32 16 
40 99999 30 20 30 50 20 20 30 99999 30 99999 30 99999 30 50 50 20 99999 40 
32 32 32 32 32 32 16 32 32 16 32 32 32 32 16 32 16 16 32 32 
14 14 14 28 28 28 28 28 28 28 28 14 28 14 14 14 28 14 28 28 
12 24 24 24 24 24 24 24 12 24 24 24 24 24 12 24 24 12 24 24 
12 12 12 12 12 6 12 12 12 6 12 12 6 12 6 12 6 12 12 12 
20 20 40 20 20 40 40 20 20 40 20 40 40 40 40 40 40 20 40 40 
40 40 40 20 40 40 20 40 20 40 40 40 40 40 40 40 40 20 40 40 
32 32 32 16 32 32 32 16 32 32 32 32 32 32 32 16 32 32 16 16 
84 84 84 84 84 84 84 42 84 42 84 84 42 84 84 42 84 84 84 84 
28 14 28 28 14 28 28 28 14 28 14 28 14 28 28 28 28 28 28 14 
48 48 48 24 24 48 48 48 48 48 48 24 48 24 48 24 24 24 48 48 
14 14 28 28 28 28 14 28 14 28 28 28 28 28 28 14 28 28 28 28 
14 28 28 28 28 28 28 28 28 28 14 28 28 14 14 28 28 28 14 28 
48 48 48 48 48 24 48 24 24 48 48 48 24 48 48 24 48 48 48 24 
50 20 20 99999 30 30 20 99999 50 50 30 40 20 40 20 20 20 20 20 20 
40 40 40 40 40 40 20 40 40 40 40 20 40 40 20 40 40 40 40 40 
36 36 36 18 36 36 36 36 18 36 36 36 36 36 36 18 36 36 36 18 
76 38 76 38 38 76 76 76 76 38 76 76 76 76 38 76 38 76 76 76 
16 32 32 32 16 32 32 32 32 32 16 32 16 16 32 32 32 32 32 16 
20 40 40 40 20 40 20 40 40 20 40 40 40 40 40 20 20 20 40 40 
32 32 32 16 16 32 16 16 32 32 16 16 16 32 16 16 32 32 32 32 
48 24 48 48 48 48 48 24 48 48 48 48 24 48 24 24 24 24 48 48 
24 24 24 24 24 12 12 24 24 24 12 12 24 24 24 24 24 24 24 24 
32 32 16 32 32 32 32 16 16 32 32 32 32 32 32 32 16 32 16 32 
28 14 28 28 28 14 28 28 28 28 28 28 28 28 28 14 28 28 28 28 
40 20 40 40 40 40 20 20 20 40 20 20 20 40 40 40 40 20 40 40 
50 30 20 30 40 99999 99999 50 99999 30 40 99999 30 20 20 30 99999 40 30 30 
14 14 14 14 14 28 14 28 28 14 28 28 28 28 14 28 14 28 28 14 
48 48 48 48 48 24 48 48 48 48 48 24 24 24 48 48 24 48 48 48 
48 48 48 48 48 24 24 48 24 24 48 24 48 48 24 48 48 48 48 48 
46 92 46 46 92 46 92 92 92 92 92 92 92 46 46 92 92 92 92 92 
32 32 32 32 16 16 32 32 16 16 32 32 32 32 32 32 32 32 32 32 
10 20 20 10 10 20 10 20 10 10 10 20 20 10 10 10 20 20 20 10 
32 32 32 16 32 16 32 32 16 32 32 32 32 16 16 16 32 16 16 16 
92 92 92 46 92 92 92 92 92 92 92 92 46 92 92 46 92 92 92 46 
32 16 32 32 16 16 32 32 32 16 16 32 32 32 32 16 32 16 32 32 
28 14 28 28 14 28 28 28 14 28 28 28 28 28 28 28 28 28 28 28 
68 68 34 68 34 68 68 34 68 68 34 34 68 34 34 68 34 34 68 68 
32 16 32 32 16 32 32 32 16 16 32 32 32 32 16 32 32 32 16 16 
40 20 40 40 20 40 40 20 40 40 40 20 40 20 40 20 40 20 40 40 
36 36 18 36 36 18 36 18 36 18 36 36 36 18 36 36 36 18 36 36 
32 16 32 16 32 32 16 32 16 32 32 32 16 32 32 16 32 32 32 16 
48 24 48 24 48 24 24 24 48 48 24 48 48 48 48 48 48 48 48 24 
16 99999 24 16 24 99999 16 24 24 32 24 40 16 16 24 40 24 32 24 16 
24 48 48 48 48 48 48 48 48 48 48 48 48 48 48 48 24 48 48 48 
16 32 24 24 99999 40 16 40 99999 24 24 40 40 99999 32 24 16 40 24 16 
28 28 14 14 28 14 28 14 28 14 28 14 28 28 28 28 28 14 28 28 
40 32 16 32 32 99999 16 40 24 24 40 16 16 24 99999 40 32 32 24 16 
30 50 20 20 30 30 40 30 50 50 99999 20 99999 20 99999 20 30 99999 40 30 
16 99999 99999 40 24 24 16 24 16 40 99999 40 24 99999 16 16 24 32 16 16 
28 14 14 28 28 28 28 14 14 28 28 28 14 14 28 28 28 28 28 14 
20 20 20 20 10 20 20 20 10 20 20 20 10 10 20 20 20 20 10 20 
40 99999 16 40 16 99999 40 24 24 32 16 24 24 16 32 24 32 16 24 99999 
32 16 99999 24 16 16 99999 16 40 40 40 24 16 16 16 32 40 32 99999 40 
30 20 20 30 40 20 20 20 50 20 50 20 30 50 40 30 20 40 99999 30 
32 32 16 32 32 32 32 32 32 32 32 32 32 32 16 32 32 16 32 32 
76 76 38 76 76 76 76 76 38 76 76 38 38 76 38 76 76 76 76 38 
12 12 12 24 24 24 12 24 12 24 24 24 12 24 12 24 12 24 24 24 
14 28 28 14 28 14 28 28 28 28 28 14 28 28 28 28 14 28 28 28 
34 34 68 68 68 68 68 68 68 34 68 34 68 68 68 68 68 34 34 68 
56 56 56 56 56 56 28 56 56 56 56 28 56 56 56 56 56 28 56 28 
16 40 16 16 40 16 32 32 40 16 24 16 40 99999 24 24 99999 16 24 16 
40 40 40 20 40 40 40 40 40 20 40 20 40 20 40 40 40 40 20 40 
76 76 76 76 38 76 38 76 76 76 76 76 76 76 38 76 76 38 76 76 
24 24 24 12 24 24 12 24 12 24 24 24 12 24 12 12 12 24 24 24 
28 28 28 28 28 28 28 14 14 14 28 28 14 28 28 28 28 14 14 28 
16 32 32 32 32 32 16 32 32 32 16 32 32 16 32 32 32 32 32 32 
56 28 56 56 56 56 28 56 56 56 56 28 28 56 28 56 28 56 56 56 
48 24 48 48 48 48 48 48 48 48 48 24 48 48 48 48 48 48 48 48 
12 24 24 12 24 24 24 24 24 24 24 24 24 24 24 24 24 24 24 24 
30 30 20 40 40 20 50 40 30 30 30 40 40 20 30 20 99999 40 50 30 
28 14 28 28 28 28 28 28 28 28 28 14 28 28 14 28 28 28 28 28 
24 24 48 48 48 48 48 24 24 48 48 48 48 24 48 48 24 48 48 48 
56 28 56 28 56 28 56 56 56 56 56 56 56 56 28 56 56 28 28 56 
20 99999 50 20 30 50 40 20 20 50 20 20 30 20 20 20 30 40 40 30 
10 20 20 10 10 20 10 20 20 20 20 20 10 20 10 20 10 20 10 10 
76 76 76 76 76 38 76 38 38 76 76 76 38 76 38 76 76 38 76 76 
56 56 56 56 56 28 28 56 56 28 56 28 56 28 56 28 56 28 56 28 
24 24 40 99999 99999 16 24 32 24 99999 16 24 99999 99999 16 16 24 40 40 24 
22 44 44 44 44 22 44 22 44 44 44 22 44 22 22 22 44 44 22 44 
48 48 48 48 48 48 48 24 48 24 48 48 48 48 48 48 48 48 48 48 
32 32 16 32 32 16 16 16 32 32 32 16 32 16 16 32 16 32 32 32 
32 32 16 16 32 32 32 32 16 16 16 32 16 32 16 16 32 16 32 32 
48 24 48 48 48 48 48 48 48 48 48 48 48 48 48 48 48 48 24 48 
24 24 24 40 16 16 24 99999 16 40 24 32 16 24 16 24 16 24 99999 24 
24 24 12 24 12 12 24 24 24 24 24 12 24 24 12 12 24 24 12 24 
68 68 68 34 68 34 68 68 34 68 34 34 34 68 68 68 68 68 68 68 
20 20 20 20 40 99999 30 30 30 99999 99999 50 40 20 99999 30 30 99999 99999 30 
32 16 24 32 24 24 32 40 40 99999 99999 32 24 16 24 16 16 32 40 16 
16 32 32 32 16 32 16 32 32 32 32 32 32 32 32 16 32 32 32 32 
48 48 48 48 24 48 48 48 48 48 24 48 48 24 24 48 48 48 48 24 
16 16 16 16 16 16 8 16 16 8 16 16 16 16 8 8 16 16 16 16 
84 84 84 84 84 84 84 84 42 84 84 42 84 42 84 42 84 42 84 42 
24 48 48 24 48 24 48 48 48 48 24 48 24 48 48 48 24 48 48 48 
48 48 48 48 48 48 48 24 48 48 24 48 24 24 48 48 24 48 24 48 
28 28 14 28 28 28 14 14 28 28 28 28 28 28 14 28 14 28 28 28 
24 24 24 12 24 24 24 24 24 12 24 24 24 12 24 24 12 24 24 24 
76 76 76 76 76 76 38 38 76 76 76 76 38 76 38 76 38 76 38 38 
48 48 24 48 24 48 24 48 24 48 24 48 24 48 48 48 24 48 48 48 
20 20 20 10 10 20 20 20 20 20 20 20 20 20 20 20 10 20 20 20 
20 20 40 40 40 40 40 20 40 40 40 20 40 20 40 40 40 40 40 20 
20 40 99999 20 50 40 50 30 30 40 30 30 30 50 30 40 50 50 30 99999 
56 28 56 56 56 28 56 56 56 56 56 28 56 28 56 56 56 28 56 56 
20 10 20 10 10 20 20 10 10 20 10 20 20 10 10 20 20 10 20 20 
6 12 12 12 6 6 12 12 6 12 12 12 6 12 12 12 6 6 6 12 
92 92 92 46 92 92 46 92 92 92 92 46 92 46 46 46 92 92 92 92 
48 48 48 48 48 48 48 24 48 48 48 24 48 48 48 48 24 48 48 24 
28 14 28 14 28 14 14 14 28 28 28 28 28 28 28 14 28 28 14 28 
28 28 14 14 28 28 28 28 28 28 28 14 28 14 28 28 28 28 28 28 
40 20 20 40 40 40 20 40 40 40 20 40 40 40 40 40 20 20 40 20 
84 84 84 42 84 84 84 84 42 42 42 42 84 84 84 84 84 84 84 84 
48 48 48 24 48 48 48 48 48 48 48 48 48 24 48 24 48 48 48 24 
24 24 24 12 24 24 24 24 24 24 24 12 12 24 12 12 24 24 24 24 
36 36 36 36 18 18 36 36 36 36 36 18 36 36 18 36 36 18 36 36 
24 12 12 24 12 24 12 24 24 24 24 24 24 12 12 24 24 12 12 24 
20 20 20 20 20 10 20 20 10 10 10 20 20 20 20 10 10 20 10 20 
28 56 56 56 56 28 56 56 56 28 28 56 28 56 56 56 56 28 56 56 
14 14 28 14 28 28 14 14 14 28 14 28 28 28 28 28 28 28 28 28 
14 14 14 14 28 14 28 14 28 14 28 28 28 28 28 28 28 14 14 28 
32 16 32 16 32 16 16 32 32 32 32 32 16 32 32 32 32 32 32 16 
48 48 24 24 24 24 24 48 48 24 48 24 48 24 48 24 24 48 48 48 
34 68 68 68 34 68 34 68 34 68 34 68 68 68 34 34 68 68 68 34 
40 40 40 40 40 40 20 40 40 20 20 40 40 20 40 40 40 40 40 40 
40 20 40 40 40 40 40 20 20 40 20 40 40 40 20 40 40 40 40 20 
40 40 20 40 40 20 40 40 40 40 40 40 40 20 40 40 40 40 40 20 
92 92 92 92 46 46 46 92 92 92 46 92 92 92 46 92 92 92 46 46 
20 40 40 20 40 40 20 40 20 40 40 20 40 40 40 40 40 40 40 20 
24 24 48 24 24 48 48 24 24 48 48 48 48 48 48 48 48 48 24 48 
28 56 56 56 56 28 28 56 56 56 56 56 56 56 56 28 56 56 28 56 
10 20 10 10 20 20 20 20 10 10 10 10 20 20 10 10 20 20 10 20 
28 28 28 28 14 14 28 28 14 14 28 28 28 28 28 28 28 14 28 28 
48 24 48 48 48 24 48 48 48 48 48 24 48 48 24 24 48 24 48 48 
600 600 600 600 600 600 600 600 600 600 600 600 600 600 600 600 600 600 600 600 
600 600 600 600 600 600 600 600 600 600 600 600 600 600 600 600 600 600 600 600 600 600 600 600 600 600 600 600 600 600 600 600 600 600 600 600 600 600 600 600 600 600 600 600 600 600 600 600 600 600 600 600 600 600 600 600 600 600 600 600 600 600 600 600 600 600 600 600 600 600 600 600 600 600 600 600 600 600 600 600 600 600 600 600 600 600 600 600 600 600 600 600 600 600 600 600 600 600 600 600 600 600 600 600 600 600 600 600 600 600 600 600 600 600 600 600 600 600 600 600 600 600 600 600 600 600 600 600 600 600 600 600 600 600 600 600 600 600 600 600 600 600 600 600 600 600 600 600 600 600 600 600 600 600 600 600 600 600 600 600 600 600 600 600 600 600 600 600 600 600 600 600 600 600 600 600 600 600 600 600 600 600 600 600 600 600 600 600 600 600 600 600 600 600 600 600 600 600 600 600 600 600 600 600 600 600 600 600 600 600 600 600 600 600 600 600 600 600 600 600 600 600 600 600 600 600 600 600 600 600 600 600 600 600 600 600 600 600 600 600 600 600 600 600 600 600 600 600 600 600 1 1 1 1 1 1 1 1 1 1 1 1 1 1 1 1 1 1 1 1 1 1 1 1 1 1 1 1 1 1 1 1 1 1 1 1 1 1 1 1 1 1 1 1 1 1 1 1 1 1 1 1 1 1 1 1 1 1 1 1 1 1 1 1 1 1 1 1 1 1 1 1 1 1 1 1 1 1 1 1 1 1 1 1 1 1 1 1 1 1 1 1 1 1 1 1 1 1 1 1 1 1 1 1 1 1 1 1 1 1 1 1 1 1 1 1 1 1 1 1 1 1 1 1 1 1 1 1 1 1 1 1 1 1 1 1 1 1 1 1 1 1 1 1 1 1 1 1 1 1 1 1 1 1 1 1 1 1 1 1 1 1 1 1 1 1 1 1 1 1 1 1 1 1 1 1 1 1 1 1 1 1 1 1 1 1 1 1 1 1 1 1 1 1 1 1 1 1 1 1 1 1 1 1 1 1 1 1 1 1 1 1 1 1 1 1 1 1 1 1 1 1 1 1 1 1 1 1 1 1 1 1 1 1 1 1 1 1 1 1 1 1 1 1 1 1 1 1 1 1 