250
20
70 108 5 57 15 40 23 56 117 98 34 28 38 137 70 23 15 15 81 104 23 137 62 28 117 34 47 10 51 23 101 86 34 15 5 66 62 101 34 51 55 38 42 104 55 28 98 142 34 23 101 57 34 142 62 88 47 15 109 108 56 70 23 55 47 142 142 121 10 81 81 23 56 142 17 17 121 121 117 88 109 56 109 108 88 47 28 55 88 62 101 34 62 34 34 101 34 51 40 101 42 47 57 109 70 86 109 28 23 55 40 13 38 23 108 121 42 47 108 98 57 28 117 34 137 121 117 142 88 142 34 10 13 13 55 40 51 42 34 10 56 40 47 98 142 28 108 109 51 137 5 28 34 17 10 28 88 10 56 121 51 108 117 88 108 34 88 5 121 55 108 86 109 23 117 104 5 57 98 57 70 51 34 23 70 47 34 10 86 10 88 40 34 81 23 109 5 56 10 137 34 121 23 137 137 40 28 137 34 51 108 34 142 15 88 88 81 108 17 40 23 42 5 51 10 88 70 57 137 34 34 62 62 28 104 142 109 88 42 28 13 142 10 10 98 34 13 109 101 88 
15 15 15 15 15 15 15 15 15 15 15 15 15 15 15 15 15 15 15 15 
56 28 28 56 56 28 56 56 56 56 56 56 56 56 56 56 56 56 56 56 
22 22 44 44 44 44 44 44 44 44 44 44 44 22 44 22 22 22 22 44 
14 28 28 28 14 28 14 28 14 28 28 28 28 28 28 28 28 14 28 28 
12 24 24 12 12 24 24 12 24 12 12 12 24 24 24 12 24 24 24 24 
40 40 40 40 20 30 99999 40 99999 30 30 40 30 20 50 30 20 99999 50 40 
32 32 32 32 32 16 32 16 32 32 32 32 32 32 32 32 32 16 32 32 
28 28 28 28 28 28 14 28 28 28 28 28 28 14 28 28 28 14 28 28 
60 60 30 60 60 30 60 60 30 30 60 60 60 60 60 60 60 60 60 60 
6 6 12 6 12 12 6 12 12 12 12 12 12 6 6 12 12 12 12 12 
20 50 50 30 99999 20 20 30 30 99999 40 20 30 30 40 40 40 30 50 20 
36 36 18 18 36 36 36 36 36 36 18 36 18 36 36 18 36 36 18 18 
28 28 56 56 56 28 56 28 56 56 56 56 56 28 56 28 56 56 56 56 
20 50 30 40 99999 99999 30 40 50 20 40 99999 30 30 30 99999 40 50 30 20 
28 28 14 28 28 28 28 28 14 28 28 28 14 28 28 28 28 28 14 28 
30 40 50 30 20 50 50 40 30 99999 50 20 30 30 30 20 99999 99999 99999 30 
44 44 44 22 22 44 22 44 44 44 44 44 22 22 22 44 22 44 44 22 
24 24 24 24 12 24 24 24 24 24 24 24 24 24 24 24 12 24 24 24 
22 22 44 44 44 44 44 44 44 22 22 44 22 22 44 22 44 44 44 44 
24 24 99999 60 36 24 48 36 24 48 24 24 36 36 48 36 36 99999 48 48 
32 16 16 32 16 32 32 32 32 32 32 32 32 16 32 16 16 32 16 16 
28 28 28 28 28 14 14 28 14 28 28 28 28 28 28 28 28 14 28 28 
16 32 32 16 32 32 32 32 32 16 32 32 16 32 16 32 32 16 32 32 
28 28 28 28 28 28 28 14 28 28 28 28 14 28 28 28 28 14 14 14 
40 40 40 40 40 40 40 20 40 40 20 40 20 40 40 20 20 20 40 40 
24 60 60 99999 24 24 24 36 36 60 24 48 36 24 60 99999 36 36 60 48 
36 36 36 36 18 36 36 36 36 36 18 36 18 36 36 18 36 36 36 36 
36 36 36 18 36 36 36 18 36 36 18 36 36 18 18 36 36 36 36 36 
28 28 14 28 28 28 28 14 28 14 14 28 28 14 14 28 14 28 28 28 
52 52 52 26 52 26 52 26 52 52 52 52 52 52 52 26 52 52 52 52 
18 18 36 18 36 18 36 18 36 36 18 36 36 36 18 36 18 18 36 36 
28 14 28 14 28 28 14 14 28 28 14 14 28 28 28 28 28 14 28 14 
18 36 18 36 36 36 36 36 36 36 36 36 36 36 18 36 18 36 36 36 
12 12 12 12 6 6 12 12 6 12 12 12 12 12 12 12 6 12 12 12 
14 14 14 14 28 28 14 14 28 14 28 14 28 28 14 14 28 14 14 28 
20 50 40 30 50 99999 99999 20 20 99999 99999 99999 99999 40 20 30 50 50 30 20 
68 68 68 34 68 68 68 68 34 68 68 68 68 34 68 34 68 68 68 34 
50 20 99999 20 30 50 20 99999 30 30 30 40 30 20 50 20 30 50 50 30 
28 14 28 28 28 14 28 28 28 28 28 28 28 28 28 28 28 14 14 14 
28 28 28 28 28 28 28 28 28 14 14 28 28 28 28 28 28 14 28 28 
36 18 36 36 36 36 18 36 36 18 18 18 18 36 36 18 18 36 36 18 
32 32 32 32 16 16 32 32 32 32 16 32 32 32 32 16 32 32 32 32 
32 32 32 32 32 32 32 16 32 32 32 16 32 32 32 32 32 32 32 16 
12 12 18 24 18 18 24 30 18 12 12 18 18 30 18 30 12 18 12 12 
30 60 60 60 30 60 60 60 60 30 60 30 60 60 60 60 30 30 60 60 
24 60 60 36 60 36 36 24 36 99999 99999 24 24 24 99999 24 48 24 24 48 
60 30 60 60 60 30 60 60 60 60 60 60 30 60 60 30 60 60 60 60 
28 28 28 28 14 28 28 28 28 28 14 28 28 28 14 28 28 28 14 14 
52 52 52 26 52 26 26 52 52 52 52 52 26 52 52 52 26 26 26 52 
18 24 18 30 12 18 99999 24 12 99999 24 18 18 18 99999 24 99999 99999 99999 18 
60 60 60 60 30 60 30 30 60 30 60 30 60 60 60 60 60 60 30 30 
16 24 32 40 24 24 16 24 16 16 24 24 24 99999 16 40 24 16 16 24 
56 56 28 56 28 56 28 56 56 28 56 28 56 28 56 28 56 56 28 28 
36 36 18 36 36 18 18 18 36 36 18 18 18 36 36 36 36 36 18 36 
6 12 12 12 12 12 12 12 12 12 12 12 6 12 12 12 6 12 12 12 
68 68 68 68 68 68 68 68 68 68 68 68 68 68 68 68 68 34 68 68 
28 14 28 14 28 28 28 14 28 28 28 28 14 14 28 28 28 14 28 28 
16 32 32 16 32 32 32 16 32 32 32 32 32 32 32 32 32 16 32 16 
28 14 28 14 28 28 28 28 28 28 28 28 28 14 14 14 14 28 28 14 
6 12 12 6 6 12 6 6 12 12 12 12 6 12 6 6 6 6 12 12 
16 32 32 32 32 16 32 32 32 32 16 32 16 32 32 32 16 16 16 32 
14 14 28 28 28 28 14 28 14 28 28 28 14 14 28 28 28 28 28 28 
44 44 44 44 44 22 44 44 22 22 22 22 44 44 44 22 44 44 44 44 
28 28 28 14 14 28 28 28 14 28 14 28 14 28 28 14 14 14 28 14 
60 60 60 60 60 60 30 60 60 30 30 30 60 60 60 60 60 60 60 60 
22 22 44 44 44 22 22 44 22 44 22 44 44 44 22 22 22 44 22 44 
34 68 68 68 68 34 34 68 68 68 68 68 68 68 68 68 68 34 68 34 
32 16 16 16 16 16 32 32 16 32 32 32 32 32 32 32 32 32 32 32 
22 44 44 44 22 44 22 22 44 22 44 44 44 44 44 44 44 44 22 44 
22 44 22 44 22 44 44 44 44 22 22 44 44 22 22 44 22 44 22 44 
60 24 24 60 36 99999 48 24 24 60 99999 48 99999 99999 48 99999 36 48 24 60 
6 12 6 12 12 6 12 6 12 6 12 12 12 6 12 12 12 6 6 6 
34 68 68 68 68 34 68 68 68 68 68 68 68 68 68 68 34 68 68 68 
44 44 22 44 22 44 44 44 44 44 44 44 44 44 44 44 44 44 44 44 
60 60 30 60 60 60 60 60 60 60 60 30 60 60 60 60 60 60 60 60 
16 32 32 16 32 16 32 16 32 32 32 32 32 32 32 32 32 16 32 32 
24 24 24 24 24 24 24 24 12 24 24 12 24 24 24 12 12 12 24 12 
24 24 24 24 12 24 12 12 24 24 24 12 12 24 24 12 12 24 12 24 
16 32 32 32 32 32 32 16 16 16 32 16 32 32 32 16 32 16 32 32 
44 44 44 44 22 22 44 22 44 44 22 44 44 44 22 44 44 44 22 22 
28 28 28 14 28 28 14 28 14 28 28 28 28 28 14 14 28 28 28 28 
28 28 28 28 28 14 14 28 28 28 14 28 28 28 14 28 28 28 28 28 
30 40 99999 99999 50 50 20 50 30 30 30 20 99999 40 50 20 20 99999 20 20 
52 26 52 26 26 52 52 52 52 52 52 26 26 52 52 26 52 52 26 52 
12 12 12 12 18 30 99999 12 18 24 12 12 12 99999 18 18 12 18 18 18 
34 68 68 34 68 68 68 68 68 68 34 34 68 68 34 68 68 68 68 68 
22 22 22 44 44 44 44 44 44 44 44 44 44 44 44 44 44 22 44 44 
28 28 14 28 28 28 28 28 28 28 28 28 28 14 28 28 14 28 28 14 
60 60 60 60 60 30 60 60 60 60 60 30 60 60 60 30 30 30 30 60 
16 32 32 32 32 32 32 32 32 32 32 16 16 16 32 32 32 16 16 32 
32 32 32 32 32 32 32 32 16 32 16 32 32 32 32 32 32 32 32 16 
12 12 12 6 12 6 12 12 12 6 12 12 12 12 6 12 12 12 12 12 
44 44 44 22 44 44 44 22 22 44 44 22 44 44 44 44 44 22 44 44 
32 32 32 32 32 16 32 16 32 32 32 32 32 16 32 32 32 32 32 32 
40 99999 32 16 32 40 40 32 40 16 24 24 24 24 16 16 16 16 24 16 
40 40 32 16 16 40 16 16 16 24 16 40 40 32 32 99999 24 40 16 40 
44 44 44 44 44 44 22 44 22 44 44 44 44 44 22 44 44 44 44 22 
50 20 30 20 50 20 20 30 20 99999 20 30 40 30 99999 99999 30 30 99999 30 
24 24 36 24 24 24 24 60 36 99999 24 99999 24 99999 24 36 48 24 99999 36 
28 28 14 28 28 28 28 14 28 28 14 28 28 14 28 28 28 28 28 28 
52 26 52 52 26 52 52 52 52 26 52 26 52 26 52 52 52 52 26 26 
24 48 24 24 48 48 36 24 24 24 36 99999 24 48 24 24 99999 24 36 36 
24 24 60 24 24 24 24 24 99999 60 24 24 48 99999 36 36 60 60 36 99999 
20 20 50 30 99999 30 50 50 30 30 99999 99999 50 30 20 30 50 20 30 30 
28 28 28 28 28 28 14 28 28 14 28 28 28 28 14 14 28 14 28 28 
24 24 36 24 24 24 60 99999 99999 48 24 24 36 24 99999 48 24 24 48 24 
32 32 32 32 32 32 32 16 32 32 16 32 32 32 16 32 16 32 32 32 
18 36 36 18 18 36 36 36 36 36 36 36 18 36 36 18 36 36 36 36 
68 34 68 34 68 68 68 68 68 68 34 68 68 68 68 34 34 68 68 68 
24 24 12 24 24 24 12 24 24 12 24 24 24 24 24 12 24 12 12 24 
56 56 28 28 56 56 56 56 28 56 56 28 56 56 28 56 56 56 28 56 
68 68 68 68 68 34 68 68 34 68 68 34 68 68 68 68 34 68 68 68 
52 52 52 26 26 52 52 52 26 52 26 52 26 52 52 52 52 52 52 26 
12 12 6 6 12 12 12 12 12 12 12 6 6 12 12 12 6 6 12 12 
28 28 14 14 28 14 28 28 28 28 28 28 28 28 28 28 28 28 28 14 
44 44 44 44 44 44 44 44 44 22 22 44 22 44 22 44 44 22 22 44 
12 6 12 12 6 12 12 12 12 12 12 12 12 12 12 12 6 12 12 12 
28 28 28 28 14 28 28 14 28 28 14 14 14 28 14 28 28 28 14 14 
44 44 44 44 44 44 44 44 44 44 22 22 44 44 22 44 44 44 44 22 
40 99999 30 20 30 50 20 20 30 99999 30 99999 30 99999 30 50 50 20 99999 40 
56 56 56 56 56 56 28 56 56 28 56 56 56 56 28 56 28 28 56 56 
22 22 22 44 44 44 44 44 44 44 44 22 44 22 22 22 44 22 44 44 
14 28 28 28 28 28 28 28 14 28 28 28 28 28 14 28 28 14 28 28 
44 44 44 44 44 22 44 44 44 22 44 44 22 44 22 44 22 44 44 44 
16 16 32 16 16 32 32 16 16 32 16 32 32 32 32 32 32 16 32 32 
36 36 36 18 36 36 18 36 18 36 36 36 36 36 36 36 36 18 36 36 
68 68 68 34 68 68 68 34 68 68 68 68 68 68 68 34 68 68 34 34 
12 12 12 12 12 12 12 6 12 6 12 12 6 12 12 6 12 12 12 12 
40 20 40 40 20 40 40 40 20 40 20 40 20 40 40 40 40 40 40 20 
68 68 68 34 34 68 68 68 68 68 68 34 68 34 68 34 34 34 68 68 
22 22 44 44 44 44 22 44 22 44 44 44 44 44 44 22 44 44 44 44 
20 40 40 40 40 40 40 40 40 40 20 40 40 20 20 40 40 40 20 40 
28 28 28 28 28 14 28 14 14 28 28 28 14 28 28 14 28 28 28 14 
30 12 12 99999 18 18 12 99999 30 30 18 24 12 24 12 12 12 12 12 12 
32 32 32 32 32 32 16 32 32 32 32 16 32 32 16 32 32 32 32 32 
52 52 52 26 52 52 52 52 26 52 52 52 52 52 52 26 52 52 52 26 
24 12 24 12 12 24 24 24 24 12 24 24 24 24 12 24 12 24 24 24 
28 56 56 56 28 56 56 56 56 56 28 56 28 28 56 56 56 56 56 28 
16 32 32 32 16 32 16 32 32 16 32 32 32 32 32 16 16 16 32 32 
56 56 56 28 28 56 28 28 56 56 28 28 28 56 28 28 56 56 56 56 
36 18 36 36 36 36 36 18 36 36 36 36 18 36 18 18 18 18 36 36 
28 28 28 28 28 14 14 28 28 28 14 14 28 28 28 28 28 28 28 28 
44 44 22 44 44 44 44 22 22 44 44 44 44 44 44 44 22 44 22 44 
44 22 44 44 44 22 44 44 44 44 44 44 44 44 44 22 44 44 44 44 
36 18 36 36 36 36 18 18 18 36 18 18 18 36 36 36 36 18 36 36 
50 30 20 30 40 99999 99999 50 99999 30 40 99999 30 20 20 30 99999 40 30 30 
20 20 20 20 20 40 20 40 40 20 40 40 40 40 20 40 20 40 40 20 
44 44 44 44 44 22 44 44 44 44 44 22 22 22 44 44 22 44 44 44 
36 36 36 36 36 18 18 36 18 18 36 18 36 36 18 36 36 36 36 36 
30 60 30 30 60 30 60 60 60 60 60 60 60 30 30 60 60 60 60 60 
36 36 36 36 18 18 36 36 18 18 36 36 36 36 36 36 36 36 36 36 
6 12 12 6 6 12 6 12 6 6 6 12 12 6 6 6 12 12 12 6 
56 56 56 28 56 28 56 56 28 56 56 56 56 28 28 28 56 28 28 28 
60 60 60 30 60 60 60 60 60 60 60 60 30 60 60 30 60 60 60 30 
68 34 68 68 34 34 68 68 68 34 34 68 68 68 68 34 68 34 68 68 
40 20 40 40 20 40 40 40 20 40 40 40 40 40 40 40 40 40 40 40 
28 28 14 28 14 28 28 14 28 28 14 14 28 14 14 28 14 14 28 28 
56 28 56 56 28 56 56 56 28 28 56 56 56 56 28 56 56 56 28 28 
36 18 36 36 18 36 36 18 36 36 36 18 36 18 36 18 36 18 36 36 
52 52 26 52 52 26 52 26 52 26 52 52 52 26 52 52 52 26 52 52 
36 18 36 18 36 36 18 36 18 36 36 36 18 36 36 18 36 36 36 18 
28 14 28 14 28 14 14 14 28 28 14 28 28 28 28 28 28 28 28 14 
24 99999 36 24 36 99999 24 36 36 48 36 60 24 24 36 60 36 48 36 24 
14 28 28 28 28 28 28 28 28 28 28 28 28 28 28 28 14 28 28 28 
20 40 30 30 99999 50 20 50 99999 30 30 50 50 99999 40 30 20 50 30 20 
44 44 22 22 44 22 44 22 44 22 44 22 44 44 44 44 44 22 44 44 
50 40 20 40 40 99999 20 50 30 30 50 20 20 30 99999 50 40 40 30 20 
18 30 12 12 18 18 24 18 30 30 99999 12 99999 12 99999 12 18 99999 24 18 
20 99999 99999 50 30 30 20 30 20 50 99999 50 30 99999 20 20 30 40 20 20 
40 20 20 40 40 40 40 20 20 40 40 40 20 20 40 40 40 40 40 20 
12 12 12 12 6 12 12 12 6 12 12 12 6 6 12 12 12 12 6 12 
50 99999 20 50 20 99999 50 30 30 40 20 30 30 20 40 30 40 20 30 99999 
48 24 99999 36 24 24 99999 24 60 60 60 36 24 24 24 48 60 48 99999 60 
30 20 20 30 40 20 20 20 50 20 50 20 30 50 40 30 20 40 99999 30 
56 56 28 56 56 56 56 56 56 56 56 56 56 56 28 56 56 28 56 56 
24 24 12 24 24 24 24 24 12 24 24 12 12 24 12 24 24 24 24 12 
14 14 14 28 28 28 14 28 14 28 28 28 14 28 14 28 14 28 28 28 
20 40 40 20 40 20 40 40 40 40 40 20 40 40 40 40 20 40 40 40 
14 14 28 28 28 28 28 28 28 14 28 14 28 28 28 28 28 14 14 28 
60 60 60 60 60 60 30 60 60 60 60 30 60 60 60 60 60 30 60 30 
20 50 20 20 50 20 40 40 50 20 30 20 50 99999 30 30 99999 20 30 20 
32 32 32 16 32 32 32 32 32 16 32 16 32 16 32 32 32 32 16 32 
24 24 24 24 12 24 12 24 24 24 24 24 24 24 12 24 24 12 24 24 
16 16 16 8 16 16 8 16 8 16 16 16 8 16 8 8 8 16 16 16 
40 40 40 40 40 40 40 20 20 20 40 40 20 40 40 40 40 20 20 40 
28 56 56 56 56 56 28 56 56 56 28 56 56 28 56 56 56 56 56 56 
60 30 60 60 60 60 30 60 60 60 60 30 30 60 30 60 30 60 60 60 
68 34 68 68 68 68 68 68 68 68 68 34 68 68 68 68 68 68 68 68 
8 16 16 8 16 16 16 16 16 16 16 16 16 16 16 16 16 16 16 16 
30 30 20 40 40 20 50 40 30 30 30 40 40 20 30 20 99999 40 50 30 
44 22 44 44 44 44 44 44 44 44 44 22 44 44 22 44 44 44 44 44 
14 14 28 28 28 28 28 14 14 28 28 28 28 14 28 28 14 28 28 28 
60 30 60 30 60 30 60 60 60 60 60 60 60 60 30 60 60 30 30 60 
20 99999 50 20 30 50 40 20 20 50 20 20 30 20 20 20 30 40 40 30 
6 12 12 6 6 12 6 12 12 12 12 12 6 12 6 12 6 12 6 6 
24 24 24 24 24 12 24 12 12 24 24 24 12 24 12 24 24 12 24 24 
60 60 60 60 60 30 30 60 60 30 60 30 60 30 60 30 60 30 60 30 
24 24 40 99999 99999 16 24 32 24 99999 16 24 99999 99999 16 16 24 40 40 24 
16 32 32 32 32 16 32 16 32 32 32 16 32 16 16 16 32 32 16 32 
36 36 36 36 36 36 36 18 36 18 36 36 36 36 36 36 36 36 36 36 
68 68 34 68 68 34 34 34 68 68 68 34 68 34 34 68 34 68 68 68 
56 56 28 28 56 56 56 56 28 28 28 56 28 56 28 28 56 28 56 56 
28 14 28 28 28 28 28 28 28 28 28 28 28 28 28 28 28 28 14 28 
36 36 36 60 24 24 36 99999 24 60 36 48 24 36 24 36 24 36 99999 36 
16 16 8 16 8 8 16 16 16 16 16 8 16 16 8 8 16 16 8 16 
28 28 28 14 28 14 28 28 14 28 14 14 14 28 28 28 28 28 28 28 
20 20 20 20 40 99999 30 30 30 99999 99999 50 40 20 99999 30 30 99999 99999 30 
40 20 30 40 30 30 40 50 50 99999 99999 40 30 20 30 20 20 40 50 20 
18 36 36 36 18 36 18 36 36 36 36 36 36 36 36 18 36 36 36 36 
68 68 68 68 34 68 68 68 68 68 34 68 68 34 34 68 68 68 68 34 
32 32 32 32 32 32 16 32 32 16 32 32 32 32 16 16 32 32 32 32 
12 12 12 12 12 12 12 12 6 12 12 6 12 6 12 6 12 6 12 6 
14 28 28 14 28 14 28 28 28 28 14 28 14 28 28 28 14 28 28 28 
36 36 36 36 36 36 36 18 36 36 18 36 18 18 36 36 18 36 18 36 
44 44 22 44 44 44 22 22 44 44 44 44 44 44 22 44 22 44 44 44 
28 28 28 14 28 28 28 28 28 14 28 28 28 14 28 28 14 28 28 28 
24 24 24 24 24 24 12 12 24 24 24 24 12 24 12 24 12 24 12 12 
28 28 14 28 14 28 14 28 14 28 14 28 14 28 28 28 14 28 28 28 
12 12 12 6 6 12 12 12 12 12 12 12 12 12 12 12 6 12 12 12 
16 16 32 32 32 32 32 16 32 32 32 16 32 16 32 32 32 32 32 16 
20 40 99999 20 50 40 50 30 30 40 30 30 30 50 30 40 50 50 30 99999 
60 30 60 60 60 30 60 60 60 60 60 30 60 30 60 60 60 30 60 60 
12 6 12 6 6 12 12 6 6 12 6 12 12 6 6 12 12 6 12 12 
22 44 44 44 22 22 44 44 22 44 44 44 22 44 44 44 22 22 22 44 
60 60 60 30 60 60 30 60 60 60 60 30 60 30 30 30 60 60 60 60 
36 36 36 36 36 36 36 18 36 36 36 18 36 36 36 36 18 36 36 18 
40 20 40 20 40 20 20 20 40 40 40 40 40 40 40 20 40 40 20 40 
44 44 22 22 44 44 44 44 44 44 44 22 44 22 44 44 44 44 44 44 
32 16 16 32 32 32 16 32 32 32 16 32 32 32 32 32 16 16 32 16 
12 12 12 6 12 12 12 12 6 6 6 6 12 12 12 12 12 12 12 12 
28 28 28 14 28 28 28 28 28 28 28 28 28 14 28 14 28 28 28 14 
28 28 28 14 28 28 28 28 28 28 28 14 14 28 14 14 28 28 28 28 
52 52 52 52 26 26 52 52 52 52 52 26 52 52 26 52 52 26 52 52 
28 14 14 28 14 28 14 28 28 28 28 28 28 14 14 28 28 14 14 28 
12 12 12 12 12 6 12 12 6 6 6 12 12 12 12 6 6 12 6 12 
30 60 60 60 60 30 60 60 60 30 30 60 30 60 60 60 60 30 60 60 
22 22 44 22 44 44 22 22 22 44 22 44 44 44 44 44 44 44 44 44 
22 22 22 22 44 22 44 22 44 22 44 44 44 44 44 44 44 22 22 44 
68 34 68 34 68 34 34 68 68 68 68 68 34 68 68 68 68 68 68 34 
68 68 34 34 34 34 34 68 68 34 68 34 68 34 68 34 34 68 68 68 
14 28 28 28 14 28 14 28 14 28 14 28 28 28 14 14 28 28 28 14 
36 36 36 36 36 36 18 36 36 18 18 36 36 18 36 36 36 36 36 36 
36 18 36 36 36 36 36 18 18 36 18 36 36 36 18 36 36 36 36 18 
36 36 18 36 36 18 36 36 36 36 36 36 36 18 36 36 36 36 36 18 
60 60 60 60 30 30 30 60 60 60 30 60 60 60 30 60 60 60 30 30 
16 32 32 16 32 32 16 32 16 32 32 16 32 32 32 32 32 32 32 16 
34 34 68 34 34 68 68 34 34 68 68 68 68 68 68 68 68 68 34 68 
30 60 60 60 60 30 30 60 60 60 60 60 60 60 60 30 60 60 30 60 
6 12 6 6 12 12 12 12 6 6 6 6 12 12 6 6 12 12 6 12 
44 44 44 44 22 22 44 44 22 22 44 44 44 44 44 44 44 22 44 44 
36 18 36 36 36 18 36 36 36 36 36 18 36 36 18 18 36 18 36 36 
600 600 600 600 600 600 600 600 600 600 600 600 600 600 600 600 600 600 600 600 
600 600 600 600 600 600 600 600 600 600 600 600 600 600 600 600 600 600 600 600 600 600 600 600 600 600 600 600 600 600 600 600 600 600 600 600 600 600 600 600 600 600 600 600 600 600 600 600 600 600 600 600 600 600 600 600 600 600 600 600 600 600 600 600 600 600 600 600 600 600 600 600 600 600 600 600 600 600 600 600 600 600 600 600 600 600 600 600 600 600 600 600 600 600 600 600 600 600 600 600 600 600 600 600 600 600 600 600 600 600 600 600 600 600 600 600 600 600 600 600 600 600 600 600 600 600 600 600 600 600 600 600 600 600 600 600 600 600 600 600 600 600 600 600 600 600 600 600 600 600 600 600 600 600 600 600 600 600 600 600 600 600 600 600 600 600 600 600 600 600 600 600 600 600 600 600 600 600 600 600 600 600 600 600 600 600 600 600 600 600 600 600 600 600 600 600 600 600 600 600 600 600 600 600 600 600 600 600 600 600 600 600 600 600 600 600 600 600 600 600 600 600 600 600 600 600 600 600 600 600 600 600 600 600 600 600 600 600 600 600 600 600 600 600 600 600 600 600 600 600 1 1 1 1 1 1 1 1 1 1 1 1 1 1 1 1 1 1 1 1 1 1 1 1 1 1 1 1 1 1 1 1 1 1 1 1 1 1 1 1 1 1 1 1 1 1 1 1 1 1 1 1 1 1 1 1 1 1 1 1 1 1 1 1 1 1 1 1 1 1 1 1 1 1 1 1 1 1 1 1 1 1 1 1 1 1 1 1 1 1 1 1 1 1 1 1 1 1 1 1 1 1 1 1 1 1 1 1 1 1 1 1 1 1 1 1 1 1 1 1 1 1 1 1 1 1 1 1 1 1 1 1 1 1 1 1 1 1 1 1 1 1 1 1 1 1 1 1 1 1 1 1 1 1 1 1 1 1 1 1 1 1 1 1 1 1 1 1 1 1 1 1 1 1 1 1 1 1 1 1 1 1 1 1 1 1 1 1 1 1 1 1 1 1 1 1 1 1 1 1 1 1 1 1 1 1 1 1 1 1 1 1 1 1 1 1 1 1 1 1 1 1 1 1 1 1 1 1 1 1 1 1 1 1 1 1 1 1 1 1 1 1 1 1 1 1 1 1 1 1 